549 1092 15709
-2678 1707 16458
-757 1268 15365
23 1084 16296
-2440 1609 16413
-937 1427 15705
58 1202 16012
-1921 1542 16404
-1136 1501 15802
-55 1201 15944
-1577 1504 16364
-1673 1596 16094
-357 1265 15811
-1219 1376 16234
-1563 1543 16156
-485 1431 16007
-697 1242 16116
-1616 1283 15880
-1018 1354 15785
-876 1457 16222
-1203 1462 16217
-968 1325 15868
-928 1281 15934
-1378 1460 16154
-974 1322 15904
-951 1407 16000
-1006 1417 16205
-1148 1398 16061
-905 1301 15891
-1153 1379 16043
-1139 1425 16103
-956 1377 16045
-1002 1321 16005
-1191 1348 15973
-1081 1400 16027
-1011 1434 16078
-983 1369 16035
-1118 1346 16018
-1065 1363 16039
-1089 1366 15996
-1065 1347 16046
-1120 1421 16065
-994 1394 16033
-1039 1362 16071
-1074 1364 16014
-1112 1388 16025
-1010 1384 16042
-1095 1383 16029
-1010 1335 16020
-1101 1380 16055
-1065 1373 16017
-1043 1395 16068
-1028 1359 16049
-1099 1395 16066
-1025 1361 16012
-1068 1373 16032
-1057 1370 16020
-1067 1396 16041
-1019 1370 16043
-1082 1379 16020
-1053 1361 15987
-1073 1393 16060
-1037 1377 16037
-1080 1369 16006
-1020 1329 15974
-1166 1399 16057
-1032 1395 15978
-1060 1379 16009
-1053 1376 16093
-1087 1399 16048
-979 1348 16019
-1093 1363 16004
-1079 1361 16005
-1072 1382 16035
-1032 1368 16062
-1107 1386 16040
-1035 1368 16006
-1090 1387 16064
-1091 1393 16057
-1002 1373 16012
-1037 1358 16007
-1112 1404 16071
-995 1352 16036
-1111 1380 16036
-1077 1376 16047
-1069 1390 16030
-992 1364 16049
-1111 1385 16010
-1039 1369 16024
-1080 1392 16079
-1030 1367 16065
-1044 1354 16007
-1039 1341 16010
-1117 1377 16034
-1018 1377 16025
-1069 1377 16027
-1065 1385 16057
-999 1381 16051
-979 1360 16029
-1148 1389 15974
-1009 1357 16002
-1121 1400 16074
-1046 1375 16038
-1029 1368 16025
-1071 1380 16028
-1081 1363 16013
-1052 1375 16017
-1074 1384 16040
-1070 1378 16036
-1097 1373 16043
-1019 1366 16030
-1107 1390 16033
-1008 1349 15997
-1133 1393 16012
-1032 1384 16049
-1063 1407 16056
-1054 1377 16046
-1056 1373 16029
-1039 1359 16032
-1106 1382 16053
-1007 1371 16031
-1058 1364 16068
-1071 1364 16011
-1092 1397 16047
-999 1345 16027
-1126 1389 16042
-1035 1363 16033
-1076 1383 16056
-1020 1354 16053
-1095 1368 16033
-1052 1368 16027
-1063 1380 16063
-1034 1388 16043
-1068 1382 16022
-1045 1356 16016
-1110 1406 16051
-1018 1380 16041
-1056 1394 16042
-1000 1390 16060
-1053 1399 16054
-1020 1366 16020
-1110 1380 16055
-1047 1403 16053
-1053 1406 16051
-1043 1346 16048
-1074 1359 15985
-1102 1414 16046
-1006 1392 16030
-1017 1362 16055
-1159 1387 16031
-996 1355 15999
-1103 1389 16046
-1100 1374 16011
-1031 1376 16028
-1018 1387 16068
-1092 1390 16054
-1009 1356 16049
-1097 1407 16070
-1006 1348 16036
-1103 1375 16003
-1044 1344 15999
-1072 1407 16026
-1038 1386 16044
-1083 1377 16036
-1039 1345 16032
-1106 1398 16048
-1046 1349 16034
-1098 1387 16022
-1016 1377 16065
-1061 1377 16044
-1019 1347 16003
-1125 1377 16001
-1017 1363 16049
-1079 1392 16047
-1040 1359 16032
-1084 1365 16035
-1040 1365 16035
-1091 1396 16051
-988 1355 16042
-1121 1397 16052
-1025 1362 16016
-1044 1373 16037
-1065 1362 16008
-1096 1386 16047
-1000 1377 16038
-1089 1380 16022
-1037 1356 16033
-1085 1394 16049
-1013 1363 16041
-1080 1369 16035
-1038 1364 16014
-1089 1394 16014
-1015 1374 16039
-1081 1402 16017
-1009 1370 16046
-1104 1389 16041
-1011 1346 16017
-1092 1391 16044
-1022 1375 16010
-1087 1384 16033
-1034 1356 16015
-1104 1386 16042
-1042 1376 16027
-1078 1390 16018
-1039 1350 16027
-1103 1383 16041
-1023 1361 16037
-1108 1401 16043
-1004 1351 16027
-1102 1390 16048
-1019 1367 16026
-1079 1390 16020
-1034 1344 16039
-1085 1388 16037
-1028 1366 16038
-1086 1392 16049
-1035 1361 16031
-1103 1398 16027
-1027 1360 16026
-1105 1393 16031
-1023 1359 16033
-1101 1391 16029
-1013 1368 16046
-1091 1400 16061
-1039 1353 16028
-1104 1382 16044
-1005 1355 16024
-1108 1398 16033
-1016 1362 16025
-1075 1388 16046
-1030 1363 16033
-1082 1380 16025
-1023 1363 16020
-1090 1399 16025
-1021 1362 16006
-1089 1388 16030
-1035 1357 16018
-1090 1394 16047
-1016 1368 16035
-1074 1401 16042
-1026 1351 16048
-1101 1399 16047
-1008 1361 16035
-1111 1395 16039
-1021 1354 16027
-1082 1384 16052
-1058 1351 16026
-1087 1390 16034
-1018 1361 16036
-1096 1403 16044
-1024 1350 16042
-1109 1392 16044
-1028 1356 16035
-1085 1379 16014
-1045 1368 16023
-1047 1378 16031
-1058 1373 16056
-1088 1384 16037
-1027 1369 16042
-1155 1418 16035
-962 1353 16023
-1105 1386 16065
-1044 1366 16023
-1055 1374 16026
-1073 1374 16047
-1088 1388 16038
-1018 1358 16045
-1093 1401 16048
-1008 1345 16040
-1096 1393 16035
-1017 1343 16019
-1096 1378 16037
-1019 1354 16026
-1095 1386 16022
-1018 1357 16032
-1099 1381 16036
-1024 1361 16032
-1099 1387 16026
-1019 1366 16035
-1102 1404 16028
-1004 1372 16043
-1079 1393 16031
-1019 1353 16022
-1105 1393 16026
-1009 1347 16018
-1096 1375 16040
-1030 1366 16041
-1089 1402 16051
-1012 1353 16047
-1095 1388 16051
-1019 1360 16016
-1114 1372 16030
-1029 1358 16045
-1113 1392 16059
-1019 1363 16031
-1102 1386 16053
-1035 1348 16014
-1092 1393 16043
-1037 1368 16039
-1098 1399 16029
-1005 1352 16023
-1130 1402 16022
-1014 1373 16029
-1109 1389 16047
-1046 1357 16037
-1098 1379 16046
-1064 1371 16029
-1086 1394 16023
-1021 1364 16024
-1139 1410 16065
-996 1359 16033
-1094 1380 16041
-1027 1359 16023
-1079 1392 16039
-1034 1383 16027
-1080 1379 16050
-1048 1348 16028
-1085 1359 16027
-1055 1373 16028
-1128 1399 16027
-986 1364 16050
-1092 1390 16061
-1044 1368 16048
-1071 1392 16049
-1027 1365 16014
-1113 1384 16045
-1024 1361 16028
-1088 1398 16048
-1019 1360 16049
-1103 1400 16054
-1033 1358 16022
-1086 1387 16055
-1035 1362 16026
-1123 1383 16010
-1006 1355 16016
-1108 1399 16043
-1053 1378 16032
-1081 1391 16039
-1047 1368 16027
-1085 1383 16037
-1036 1372 16050
-1069 1390 16032
-1032 1360 16044
-1113 1390 16042
-1019 1351 16030
-1096 1394 16037
-1015 1369 16052
-1095 1388 16021
-1040 1352 16027
-1067 1387 16026
-1053 1368 16035
-1117 1394 16054
-1000 1367 16019
-1104 1395 16034
-1039 1362 16031
-1079 1393 16050
-1024 1356 16036
-1084 1374 16049
-1035 1362 16025
-1092 1387 16020
-996 1351 16025
-1114 1391 16086
-1035 1349 15998
-1061 1382 16030
-1009 1336 16027
-1143 1402 16026
-1015 1379 16013
-1056 1387 16029
-1041 1359 16040
-1101 1383 16044
-1025 1363 16034
-1097 1396 16061
-1014 1359 16044
-1098 1388 16026
-1019 1386 16059
-1080 1386 16067
-1023 1348 16011
-1111 1383 16047
-1023 1366 16026
-1083 1384 16034
-1042 1357 16039
-1103 1402 16052
-992 1353 16042
-1109 1376 16043
-1045 1357 16010
-1071 1382 16046
-1026 1350 16032
-1101 1382 16028
-1017 1354 16020
-1073 1391 16056
-1029 1377 16046
-1071 1388 16048
-973 1362 16054
-1110 1392 16049
-1032 1357 16005
-1085 1401 16022
-1027 1374 16050
-1081 1388 16059
-1063 1352 16022
-1078 1389 16028
-1017 1381 16043
-1097 1389 16042
-1019 1358 16028
-1098 1374 16027
-1058 1360 16016
-1062 1377 16069
-1023 1352 16033
-1123 1402 16041
-974 1352 16034
-1107 1377 16026
-1022 1351 16020
-1090 1378 16017
-1020 1359 16035
-1110 1373 16041
-1039 1344 16018
-1066 1391 16040
-1034 1366 16034
-1087 1374 16041
-1038 1346 16028
-1102 1382 16048
-1044 1347 16047
-1112 1385 16020
-1026 1352 16041
-1079 1407 16065
-1023 1355 16032
-1084 1392 16027
-1026 1356 16010
-1105 1385 16024
-1026 1359 16038
-1086 1377 16030
-1023 1359 16026
-1088 1387 16034
-1029 1368 16015
-1064 1382 16040
-1044 1376 16038
-1098 1403 16046
-1009 1347 16037
-1115 1394 16056
-1035 1353 16016
-1092 1379 16044
-1030 1369 16029
-1082 1386 16035
-1014 1364 16024
-1099 1372 16060
-1018 1366 16014
-1077 1390 16036
-1041 1358 16051
-1106 1389 16022
-1014 1365 16053
-1089 1378 16038
-1052 1350 16023
-1088 1390 16035
-1021 1370 16039
-1087 1373 16021
-1034 1365 16002
-1088 1388 16044
-1005 1361 16030
-1100 1392 16036
-1021 1349 16013
-1107 1380 16031
-1042 1371 16031
-1072 1377 16032
-1045 1372 16032
-1086 1391 16035
-1016 1354 16036
-1099 1390 16063
-1047 1350 16033
-1085 1377 16050
-1036 1353 16031
-1086 1372 16042
-1030 1364 16022
-1090 1389 16045
-1009 1354 16034
-1097 1388 16043
-1026 1359 16020
-1083 1383 16035
-1048 1362 16036
-1079 1395 16038
-1026 1360 16039
-1089 1382 16039
-1048 1354 16052
-1106 1376 16045
-1023 1358 16021
-1093 1398 16031
-1034 1361 16007
-1073 1394 16012
-1031 1362 16048
-1113 1382 16053
-1049 1354 16013
-1078 1384 16042
-1051 1373 16034
-1070 1396 16041
-1021 1376 16021
-1066 1398 16048
-1030 1364 16049
-1098 1387 16035
-1034 1350 16019
-1099 1401 16052
-975 1378 16048
-1037 1383 16055
-1035 1320 15990
-1133 1373 15950
-1071 1404 16035
-1062 1423 16074
-990 1374 16025
-1091 1424 16073
-1004 1385 16026
-1100 1381 15992
-1035 1375 16037
-1077 1404 16066
-1013 1363 16095
-1090 1342 15983
-1074 1332 15997
-1106 1392 16074
-1036 1408 16017
-993 1366 16055
-1133 1375 16027
-1040 1348 16004
-1028 1368 16064
-1146 1424 16038
-980 1349 16014
-1120 1403 16029
-1023 1356 16024
-1103 1374 16031
-976 1375 16085
-791 1273 16132
-1408 1495 16113
-692 1316 15875
-1210 1329 15931
-1451 1379 16169
-866 1309 16099
-1100 1419 16211
-995 1373 15970
-1032 1293 16063
-896 1368 16024
-1209 1393 15956
-1003 1319 15932
-1144 1408 16030
-1139 1383 15984
-995 1434 16097
-922 1454 16206
-996 1425 16111
-886 1316 16005
-1144 1340 15992
-1112 1385 16005
-1017 1429 16087
-1005 1401 16091
-1074 1375 16042
-943 1372 16054
-1082 1378 16058
-1057 1370 16023
-1055 1399 16034
-1001 1367 16059
-1111 1372 16071
-1029 1351 15983
-1064 1376 16031
-1074 1371 16031
-1071 1373 16025
-984 1321 15989
-1168 1388 16017
-1036 1366 16017
-1025 1404 16008
-1060 1380 16057
-1116 1413 16060
-985 1364 16032
-1107 1373 16048
-1087 1385 16048
-1055 1404 16061
-1018 1369 16055
-1080 1350 16026
-1055 1358 16035
-1131 1399 16042
-1025 1375 16039
-1079 1387 16049
-1077 1369 16012
-1053 1367 16007
-1025 1352 16049
-1118 1398 16020
-948 1344 16051
-1150 1416 16048
-982 1347 16016
-1108 1392 16054
-1045 1387 16026
-1017 1378 16044
-1027 1369 16018
-1070 1352 16001
-1079 1359 16007
-1068 1404 16032
-1044 1378 16051
-1059 1353 16005
-985 1357 16046
-1091 1365 16030
-1027 1339 15992
-1117 1392 16026
-1035 1368 16055
-1083 1382 16068
-1043 1365 16018
-1067 1391 16018
-1016 1375 16041
-1063 1369 16040
-1012 1347 16012
-1147 1397 16056
-1019 1366 16006
-1045 1371 16040
-1022 1378 16072
-1080 1417 16074
-986 1361 16029
-1058 1383 16043
-1043 1358 16025
-1101 1377 16041
-1012 1351 16008
-1084 1377 16035
-1034 1367 16040
-1095 1390 16032
-1028 1367 16033
-1090 1372 16031
-1059 1362 16054
-1109 1392 16042
-969 1356 16013
-1080 1395 16053
-1058 1385 16041
-1039 1388 16071
-1051 1361 16024
-1078 1382 16009
-1045 1357 16027
-1084 1407 16039
-991 1360 16045
-1103 1393 16053
-1037 1352 16011
-1063 1377 16032
-1024 1351 16033
-1118 1394 16018
-986 1361 16076
-1085 1402 16073
-1052 1349 16032
-1068 1369 16033
-1054 1357 16029
-1075 1389 16029
-1031 1341 16006
-1134 1400 16049

