-380 1731 16098
-360 1733 16111
-410 1683 16055
-296 1679 15992
-345 1706 16037
-346 1732 16039
-327 1714 16080
-351 1640 16014
-354 1692 16026
-345 1690 16017
-330 1670 16017
-356 1637 15991
-307 1688 16049
-376 1674 16034
-310 1668 16056
-369 1629 16010
-299 1702 16013
-376 1677 15997
-314 1687 16018
-346 1656 16000
-320 1676 16031
-354 1656 16038
-312 1684 16050
-360 1665 16011
-323 1701 16032
-333 1689 16019
-304 1698 16026
-348 1678 16044
-308 1705 16036
-370 1708 16027
-329 1711 16052
-342 1699 16020
-295 1717 16059
-369 1697 16047
-298 1737 16065
-366 1708 16067
-300 1712 16107
-373 1737 16112
-328 1765 16118
-387 1682 16057
-292 1749 16101
-376 1747 16099
-313 1729 16114
-340 1693 16069
-334 1760 16077
-357 1766 16103
-321 1742 16076
-369 1704 16011
-304 1749 16061
-356 1749 16028
-305 1730 16046
-360 1706 16020
-305 1743 16063
-360 1713 16014
-291 1701 16027
-349 1675 16013
-291 1736 16011
-364 1694 16007
-284 1684 16023
-348 1650 16017
-329 1669 16038
-354 1650 16009
-305 1662 16025
-364 1630 16010
-301 1662 16034
-354 1648 16023
-314 1647 16061
-356 1629 16038
-296 1671 16025
-354 1671 16004
-307 1673 16018
-352 1650 16028
-300 1688 16057
-345 1673 16030
-290 1694 16047
-352 1667 16036
-322 1692 16057
-339 1694 16034
-301 1689 16031
-351 1679 16028
-314 1704 16030
-351 1700 16032
-307 1728 16061
-356 1712 16036
-284 1733 16053
-363 1699 16048
-299 1740 16067
-349 1715 16057
-318 1731 16094
-363 1734 16083
-313 1752 16089
-345 1722 16091
-324 1746 16105
-347 1740 16088
-317 1737 16106
-346 1733 16087
-312 1755 16095
-368 1737 16071
-292 1758 16072
-341 1748 16057
-313 1756 16063
-345 1726 16050
-259 1739 16094
-331 1716 16040
-310 1743 16029
-399 1723 15983
-390 1733 16004
-363 1714 16063
-300 1730 16059
-342 1685 15992
-355 1700 16039
-358 1666 16035
-336 1709 16064
-376 1685 16016
-307 1678 16033
-332 1654 15989
-261 1653 16026
-416 1630 16056
-256 1666 16060
-391 1614 16021
-280 1671 16009
-348 1640 16024
-342 1642 16054
-325 1664 16006
-326 1661 16032
-373 1632 15990
-246 1678 16041
-344 1659 16067
-465 1631 16017
-309 1714 15945
-361 1649 16093
-523 1622 16010
-128 1836 16096
-468 1661 16014
-409 1696 15960
-311 1723 15990
-409 1686 16059
-362 1707 16078
-286 1749 16124
-389 1720 16080
-317 1754 16028
-450 1736 16013
-445 1759 16044
-378 1715 16148
-309 1712 16167
-265 1731 16128
-332 1738 16065
-349 1734 16057
-310 1730 16134
-318 1740 16065
-319 1742 16060
-349 1746 16029
-361 1733 16075
-376 1720 16048
-299 1741 16044
-335 1699 16068
-341 1710 16061
-345 1718 16022
-325 1724 16044
-383 1691 16042
-274 1714 16064
-356 1687 16023
-333 1691 16057
-371 1687 16072
-328 1674 16054
-343 1686 16042
-355 1676 16052
-383 1659 16054
-330 1681 16036
-377 1650 16026
-326 1680 16046
-330 1666 16037
-356 1661 16028
-354 1651 15997
-319 1672 16035
-362 1666 15996
-324 1673 16019
-358 1661 15987
-332 1680 16017
-351 1677 16029
-328 1686 16036
-339 1679 15996
-296 1695 16041
-357 1700 16029
-318 1705 16035
-364 1678 16016
-316 1712 16057
-344 1691 16053
-323 1726 16049
-340 1694 16040
-307 1723 16062
-359 1702 16062
-310 1722 16062
-347 1727 16062
-341 1722 16059
-369 1715 16052
-277 1745 16076
-385 1707 16049
-297 1745 16085
-359 1719 16063
-326 1744 16069
-367 1733 16060
-316 1749 16076
-361 1734 16052
-319 1733 16098
-359 1710 16060
-307 1729 16088
-349 1705 16031
-314 1734 16051
-361 1710 16063
-305 1723 16071
-381 1696 16031
-294 1734 16047
-375 1681 16052
-310 1713 16054
-354 1684 16037
-311 1697 16042
-339 1692 16049
-293 1699 16050
-377 1694 16025
-338 1697 16013
-384 1661 16027
-316 1687 16064
-334 1675 16000
-285 1680 16052
-359 1665 16038
-302 1706 16036
-368 1663 16004
-304 1675 16029
-360 1662 16005
-305 1683 16025
-361 1669 16006
-308 1704 16041
-360 1669 16027
-311 1679 16043
-353 1671 16018
-332 1690 16027
-360 1690 16009
-312 1689 16040
-372 1675 16030
-312 1697 16055
-374 1693 16013
-335 1704 16029
-365 1686 16026
-344 1706 16062
-350 1706 16032
-338 1711 16048
-348 1707 16049
-338 1713 16080
-356 1699 16044
-347 1718 16096
-370 1710 16065
-327 1726 16089
-393 1719 16062
-316 1738 16086
-383 1706 16051
-324 1743 16077
-378 1732 16062
-326 1736 16101
-369 1716 16081
-317 1731 16064
-341 1711 16068
-320 1733 16066
-358 1713 16019
-327 1721 16056
-366 1716 16052
-361 1728 16046
-374 1719 16034
-300 1720 16043
-371 1695 16046
-333 1723 16029
-352 1693 16032
-366 1681 16050
-341 1705 16041
-329 1689 16053
-368 1674 16026
-294 1698 16043
-347 1670 16015
-362 1689 16022
-354 1672 16005
-326 1687 16023
-374 1650 16001
-310 1691 16040
-366 1661 16018
-310 1686 16040
-336 1682 16021
-294 1678 16044
-338 1672 16028
-303 1696 16035
-356 1683 16032
-308 1683 16047
-347 1683 16033
-291 1705 16048
-345 1683 16014
-322 1701 16007
-356 1680 16021
-317 1715 16064
-346 1684 16049
-311 1714 16052
-346 1694 16020
-312 1708 16063
-349 1698 16046
-298 1702 16068
-339 1715 16039
-307 1718 16074
-359 1692 16053
-314 1729 16085
-339 1709 16058
-318 1729 16069
-362 1711 16037
-304 1738 16080
-374 1718 16055
-317 1735 16074
-366 1715 16057
-318 1736 16066
-363 1717 16026
-334 1739 16056
-365 1705 16074
-345 1724 16076
-352 1721 16051
-334 1725 16039
-357 1712 16063
-360 1712 16064
-375 1699 16026
-304 1704 16053
-370 1699 16024
-306 1705 16049
-378 1696 16011
-316 1702 16044
-365 1690 16026
-323 1694 16045
-373 1666 16009
-336 1677 16041
-352 1671 16004
-328 1679 16053
-359 1665 16001
-331 1671 16020
-381 1661 16029
-310 1689 16046
-371 1658 16016
-315 1685 16043
-357 1659 16024
-311 1679 16055
-357 1667 16029
-302 1696 16036
-345 1676 16027
-320 1693 16034
-346 1684 16047
-328 1687 16058
-367 1682 16030
-336 1701 16051
-351 1692 16034
-305 1717 16045
-378 1694 16035
-298 1715 16065
-383 1703 16038
-308 1738 16046
-372 1703 16052
-308 1726 16058
-356 1718 16054
-311 1741 16060
-344 1703 16032
-332 1709 16070
-364 1713 16033
-314 1724 16076
-359 1704 16030
-305 1726 16047
-349 1692 16041
-314 1722 16062
-360 1701 16044
-297 1713 16068
-355 1686 16028
-297 1712 16085
-350 1698 16051
-338 1713 16043
-346 1697 16038
-312 1709 16070
-373 1687 16066
-322 1706 16054
-359 1688 16037
-298 1708 16070
-376 1680 16028
-290 1703 16041
-338 1694 16020
-315 1710 16053
-340 1687 16032
-316 1690 16058
-369 1684 16007
-288 1699 16049
-366 1675 16014
-298 1694 16039
-332 1682 16037
-320 1691 16047
-327 1676 16012
-292 1700 16043
-363 1662 16021
-274 1693 16059
-357 1672 16038
-292 1692 16045
-356 1678 16031
-317 1703 16034
-351 1684 16039
-303 1693 16058
-355 1684 16027
-296 1697 16066
-362 1692 16046
-303 1713 16063
-343 1697 16040
-288 1719 16055
-360 1710 16040
-286 1733 16067
-369 1697 16037
-292 1730 16057
-363 1703 16057
-303 1730 16057
-369 1705 16052
-286 1720 16088
-351 1719 16042
-332 1716 16073
-349 1713 16049
-331 1725 16060
-349 1701 16032
-288 1722 16074
-367 1701 16033
-277 1716 16055
-364 1692 16046
-303 1710 16063
-367 1698 16046
-304 1708 16053
-368 1685 16028
-324 1703 16041
-364 1672 16034
-313 1706 16062
-360 1677 16055
-317 1693 16050
-354 1686 16032
-290 1706 16047
-354 1677 16036
-317 1701 16047
-370 1688 16006
-316 1692 16048
-374 1679 16015
-313 1702 16044
-359 1672 16005
-323 1686 16047
-369 1674 16024
-333 1690 16038
-367 1664 16015
-297 1693 16044
-365 1676 16054
-333 1704 16044
-369 1673 16024
-289 1688 16062
-364 1667 16021
-283 1686 16069
-355 1683 16049
-308 1694 16049
-353 1691 16052
-305 1691 16066
-352 1683 16024
-310 1702 16076
-361 1682 16046
-304 1691 16077
-345 1697 16053
-318 1719 16073
-371 1693 16038
-295 1710 16076
-360 1699 16041
-287 1714 16082
-341 1697 16068
-304 1718 16047
-348 1708 16049
-311 1734 16079
-363 1712 16043
-305 1729 16085
-366 1721 16062
-339 1713 16062
-333 1708 16068
-331 1706 16058
-376 1719 16011
-278 1733 16062
-376 1700 16031
-291 1733 16072
-359 1688 16061
-298 1717 16054
-339 1695 16046
-291 1709 16052
-356 1678 16020
-322 1708 16043
-368 1680 16045
-314 1692 16056
-341 1686 16042
-312 1709 16065
-353 1680 16035
-277 1697 16061
-348 1669 16019
-296 1700 16059
-367 1683 16041
-279 1699 16059
-349 1674 16037
-306 1701 16050
-353 1686 16041
-314 1710 16058
-358 1693 16035
-325 1705 16048
-364 1696 16049
-343 1708 16056
-369 1694 16023
-323 1709 16064
-364 1701 16037
-315 1719 16073
-372 1697 16030
-324 1719 16062
-359 1697 16045
-318 1726 16060
-378 1699 16050
-323 1725 16062
-361 1693 16045
-338 1703 16039
-344 1702 16025
-329 1699 16079
-350 1677 16015
-285 1724 16045
-370 1676 16031
-312 1724 16068
-389 1684 16022
-295 1711 16058
-359 1686 16043
-321 1708 16053
-389 1687 16050
-341 1697 16060
-343 1681 16047
-330 1713 16049
-364 1707 16023
-384 1694 16048
-322 1691 16017
-310 1700 16068
-374 1681 16047
-295 1705 16047
-368 1674 16013
-334 1706 16033
-364 1689 16024
-325 1693 16040
-371 1660 16031
-317 1703 16041
-376 1684 16040
-332 1678 16022
-357 1682 16037
-350 1678 16050
-351 1669 15992
-312 1698 16008
-363 1667 16020
-325 1688 16052
-341 1680 16002
-313 1689 16033
-356 1661 16033
-310 1697 16062
-329 1683 16024
-306 1688 16047
-365 1677 16032
-305 1704 16037
-330 1676 16037
-342 1698 16056
-344 1687 16038
-271 1703 16067
-372 1696 16047
-293 1713 16057
-366 1699 16059
-316 1733 16062
-340 1701 16039
-317 1725 16065
-352 1694 16065
-303 1716 16079
-349 1708 16059
-315 1718 16066
-355 1723 16067
-308 1710 16070
-361 1699 16035
-297 1713 16079
-351 1687 16050
-288 1728 16042
-345 1698 16031
-304 1710 16055
-343 1675 16026
-280 1712 16069
-349 1683 16040
-306 1697 16063
-348 1685 16037
-317 1699 16048
-358 1683 16038
-325 1695 16050
-349 1703 16049
-296 1701 16051
-357 1684 16039
-313 1701 16031
-353 1662 16029
-300 1687 16066
-350 1685 16041
-308 1695 16046
-358 1673 16011
-305 1698 16030
-349 1676 16030
-311 1696 16046
-353 1682 16027
-322 1702 16023
-346 1678 16037
-321 1692 16024
-365 1675 16017
-294 1681 16049
-365 1681 16030
-309 1690 16044
-365 1676 16036
-320 1690 16055
-340 1680 16038
-327 1689 16059
-342 1686 16028
-298 1700 16062
-336 1691 16039
-318 1712 16056
-362 1693 16050
-333 1711 16052
-375 1689 16027
-326 1716 16067
-360 1725 16041
-269 1711 16087
-347 1689 16049
-325 1736 16034
-383 1715 16043
-327 1715 16068
-334 1723 16042
-347 1710 16042
-400 1715 16036
-324 1728 16054
-352 1706 16072
-342 1730 16069
-331 1684 16058
-313 1716 16046
-391 1694 15999
-367 1709 16030
-318 1701 16044

