-1386 2470 15915
-1403 2461 15901
-1389 2469 15890
-1416 2462 15911
-1448 2401 15984
-1324 2301 16021
-872 2221 16005
-385 2135 16104
-69 2037 16419
-250 1887 16439
-1157 1653 16436
-2071 1676 16107
-2603 2154 15707
-2546 2382 15672
-2335 2152 16187
-1410 1881 16246
-793 1913 16320
-946 1986 16380
-1872 2003 16540
-2264 1844 16115
-2454 1682 15826
-2055 1627 15613
-1781 1691 15851
-882 1777 15875
-475 1862 15878
-181 1982 15790
-413 2215 15908
-784 2405 15962
-1359 2394 15942
-1741 2334 15874
-1900 2341 15757
-1835 2684 15775
-1589 3113 15608
-1399 3565 15449
-1240 3855 15203
-1380 4070 15299
-1460 4060 15434
-1790 3913 15761
-1956 3514 15810
-2189 3216 15998
-2084 2996 15887
-2039 2941 15953
-1621 2779 15783
-1377 2493 15875
-1003 1966 15908
-813 1484 16201
-582 1084 16398
-588 856 16520
-592 768 16190
-636 819 16002
-623 1023 15914
-605 1663 16070
-734 1842 16103
-950 2011 16042
-1495 2285 15923
-1810 2653 15876
-2075 2973 15801
-2325 3161 15709
-2399 3257 15635
-2502 3291 15677
-2375 3358 15777
-2186 3344 15801
-1881 3211 15819
-1650 3017 15701
-1184 2960 15626
-731 2949 15513
-468 2940 15581
-375 2793 15638
-548 2659 15789
-710 2533 15727
-1020 2570 15890
-1293 2521 15904
-1622 2494 16037
-1666 2399 15953
-1751 2376 16072
-1621 2278 16097
-1710 2149 16322
-1627 1909 16329
-1713 1744 16429
-1662 1608 16344
-1605 1602 16346
-1277 1560 16212
-1015 1552 16151
-605 1577 16048
-463 1702 16073
-315 1853 15962
-427 2089 15918
-604 2299 15782
-1047 2544 15784
-1392 2797 15655
-1787 3081 15643
-2064 3231 15626
-2374 3325 15666
-2350 3414 15607
-2366 3497 15716
-2307 3505 15705
-2157 3476 15761
-1759 3351 15570
-1456 3234 15561
-1209 3099 15612
-1133 2872 15855
-987 2618 15837
-932 2412 15910
-754 2219 15951
-775 2081 16089
-740 1916 16099
-773 1796 16157
-805 1704 16130
-1047 1661 16212
-1199 1633 16250
-1455 1593 16304
-1658 1577 16259
-1777 1603 16228
-1705 1669 16152
-1558 1823 16080
-1346 2004 16035
-1236 2167 15992
-1138 2330 15893
-1109 2529 15784
-1068 2752 15706
-1226 2901 15672
-1408 2980 15621
-1524 3073 15617
-1638 3128 15644
-1762 3076 15659
-1717 3060 15651
-1737 2992 15719
-1738 2966 15702
-1721 2981 15692
-1494 2962 15590
-1339 2923 15565
-1220 2855 15591
-1227 2702 15774
-1135 2572 15846
-1177 2434 15853
-1079 2362 15914
-1159 2283 16019
-1231 2226 16062
-1227 2161 16071
-1230 2066 16128
-1300 1929 16130
-1376 1791 16203
-1413 1640 16260
-1509 1593 16292
-1517 1572 16256
-1439 1593 16205
-1181 1688 16035
-992 1869 15973
-866 2005 15951
-865 2184 15929
-854 2362 15722
-939 2594 15724
-1187 2747 15699
-1545 2926 15743
-1689 3097 15638
-1898 3250 15681
-2085 3248 15703
-2100 3238 15729
-2019 3181 15718
-1966 3171 15795
-1947 3079 15774
-1643 2961 15576
-1268 2889 15623
-1003 2809 15829
-905 2479 15904
-857 2321 15837
-805 2265 15907
-913 2163 15991
-1096 2110 16077
-1176 2061 16043
-1289 2042 16120
-1405 1985 16137
-1542 1904 16250
-1598 1781 16249
-1724 1732 16313
-1735 1708 16281
-1661 1753 16274
-1374 1787 16083
-1137 1931 15971
-854 2082 15894
-768 2249 15951
-693 2393 15795
-705 2605 15763
-833 2730 15671
-1212 2877 15753
-1489 3015 15703
-1800 3160 15756
-1996 3176 15683
-2190 3188 15699
-2116 3147 15658
-2130 3120 15837
-2077 2981 15795
-1859 2865 15780
-1409 2763 15623
-1191 2693 15673
-955 2577 15753
-905 2416 15873
-721 2277 15761
-756 2244 15852
-721 2175 15892
-962 2133 16064
-1044 2071 16010
-1200 2060 16088
-1278 2045 16070
-1537 2003 16202
-1630 1919 16218
-1807 1845 16267
-1893 1828 16230
-1840 1850 16213
-1593 1895 16109
-1315 1957 15980
-1037 2066 15943
-846 2188 15867
-710 2340 15782
-654 2510 15672
-772 2657 15655
-992 2765 15641
-1341 2879 15650
-1562 3013 15662
-1842 3065 15716
-2001 3058 15682
-2033 3079 15638
-2053 3059 15722
-2067 3012 15739
-1970 2960 15750
-1621 2843 15597
-1353 2785 15593
-1153 2677 15647
-1126 2516 15828
-894 2385 15764
-865 2321 15778
-755 2245 15848
-952 2189 16021
-1003 2120 16024
-1115 2082 16068
-1167 2023 16084
-1407 1943 16177
-1460 1861 16211
-1556 1787 16257
-1687 1752 16273
-1717 1742 16264
-1548 1786 16181
-1277 1866 16044
-1094 2005 15997
-892 2153 15926
-798 2322 15877
-774 2482 15698
-866 2687 15685
-1047 2831 15607
-1401 2963 15660
-1601 3076 15664
-1893 3123 15751
-2096 3071 15707
-2140 3075 15667
-2106 3027 15744
-2061 2973 15810
-1998 2870 15793
-1648 2759 15697
-1273 2678 15673
-1026 2601 15695
-937 2455 15883
-767 2332 15876
-746 2242 15820
-678 2210 15878
-821 2170 15981
-984 2152 16046
-1100 2123 16062
-1254 2093 16122
-1434 2051 16136
-1610 1999 16216
-1689 1893 16230
-1793 1855 16256
-1823 1820 16225
-1672 1848 16179
-1347 1927 15907
-1070 2067 15890
-852 2171 15798
-749 2430 15645
-675 2624 15650
-674 2736 15674
-1284 2848 15709
-1505 2967 15641
-1731 3127 15675
-1983 3146 15691
-2107 3128 15736
-2075 3067 15699
-2058 3026 15788
-2031 2933 15776
-1786 2842 15792
-1404 2724 15670
-1159 2633 15691
-926 2505 15773
-845 2397 15878
-708 2274 15803
-700 2219 15910
-696 2125 15916
-914 2110 16052
-993 2063 16020
-1165 2063 16135
-1269 2028 16116
-1557 1951 16213
-1602 1874 16192
-1767 1865 16289
-1846 1825 16251
-1797 1832 16178
-1474 1886 15985
-1212 2018 15881
-947 2165 15845
-821 2285 15815
-723 2410 15707
-714 2565 15621
-859 2719 15631
-1147 2833 15650
-1458 2940 15658
-1693 3038 15621
-1918 3063 15690
-2044 3050 15692
-2072 3008 15726
-2003 2915 15831
-2012 2799 15844
-1804 2730 15801
-1478 2640 15666
-1164 2585 15666
-923 2512 15711
-844 2383 15860
-681 2270 15787
-734 2251 15847
-676 2198 15859
-904 2190 16003
-1042 2147 15961
-1225 2142 16070
-1312 2108 16049
-1585 2058 16136
-1647 2004 16161
-1788 1924 16227
-1826 1902 16189
-1781 1925 16165
-1518 1915 16041
-1222 1990 15895
-889 2102 15833
-749 2201 15868
-684 2309 15830
-675 2431 15717
-700 2582 15684
-969 2703 15682
-1351 2807 15742
-1577 2935 15724
-1809 3016 15729
-1995 3013 15711
-2008 3014 15723
-2016 2974 15802
-2021 2904 15838
-1903 2824 15823
-1562 2747 15685
-1256 2708 15642
-1041 2634 15706
-959 2491 15855
-786 2384 15809
-761 2309 15799
-700 2283 15873
-860 2222 16018
-1057 2143 16030
-1178 2104 16025
-1288 2081 16060
-1471 2003 16157
-1604 1913 16222
-1702 1813 16255
-1754 1765 16197
-1718 1788 16199
-1529 1812 16125
-1247 1888 15972
-944 2032 15839
-755 2141 15839
-668 2295 15821
-673 2444 15698
-691 2617 15682
-955 2721 15657
-1345 2874 15696
-1572 3027 15648
-1819 3133 15691
-2018 3120 15670
-2106 3094 15726
-2089 3018 15747
-2080 2957 15828
-1982 2855 15801
-1689 2761 15719
-1324 2651 15629
-1055 2547 15855
-841 2417 15877
-748 2300 15826
-687 2148 15920
-654 2093 15921
-736 2096 16033
-1027 2090 16020
-1246 2082 16128
-1363 2028 16117
-1616 1987 16212
-1713 1894 16213
-1868 1853 16269
-1879 1831 16208
-1771 1858 16173
-1432 1915 15970
-1107 2083 15845
-797 2203 15827
-734 2298 15872
-649 2408 15697
-633 2592 15685
-817 2690 15648
-1255 2768 15783
-1491 2855 15691
-1734 3009 15688
-1899 3053 15639
-2104 3042 15743
-2015 3002 15703
-2025 2959 15816
-2008 2829 15813
-1843 2764 15838
-1467 2656 15692
-1254 2587 15738
-1001 2484 15780
-911 2363 15897
-742 2269 15817
-725 2237 15897
-715 2151 15901
-947 2113 16037
-1022 2069 16013
-1206 2067 16114
-1298 2027 16121
-1550 1958 16216
-1630 1875 16203
-1762 1817 16265
-1835 1807 16238
-1752 1830 16223
-1511 1866 16048
-1241 1952 15909
-936 2091 15851
-762 2233 15828
-677 2377 15755
-676 2517 15704
-796 2666 15680
-1073 2802 15720
-1410 2904 15718
-1655 3023 15703
-1898 3070 15708
-2083 3056 15712
-2087 3033 15716
-2076 2964 15827
-2022 2840 15839
-1870 2768 15839
-1519 2662 15735
-1230 2593 15738
-955 2517 15736
-888 2385 15878
-703 2256 15832
-749 2202 15858
-678 2169 15890
-893 2145 16009
-1045 2097 16008
-1222 2091 16065
-1333 2079 16073
-1564 2025 16134
-1684 1963 16202
-1815 1859 16238
-1894 1833 16221
-1845 1857 16161
-1623 1915 16085
-1314 1991 15927
-997 2096 15816
-767 2213 15813
-700 2313 15820
-739 2413 15743
-790 2536 15697
-1002 2635 15701
-1363 2759 15734
-1609 2889 15718
-1810 2981 15739
-1958 2981 15680
-1993 2999 15692
-1999 2968 15784
-2016 2899 15878
-1961 2793 15843
-1656 2706 15734
-1330 2678 15664
-1140 2647 15723
-1040 2505 15846
-881 2383 15858
-840 2275 15780
-778 2258 15901
-894 2195 16008
-1110 2116 16077
-1197 2059 16052
-1332 2023 16096
-1468 1954 16164
-1593 1881 16258
-1675 1758 16284
-1746 1683 16274
-1738 1688 16235
-1543 1746 16162
-1290 1831 16035
-975 1935 15872
-732 2114 15820
-634 2286 15785
-725 2436 15701
-782 2790 15661
-990 2922 15711
-1390 3050 15736
-1975 3158 15751
-2124 3156 15721
-2192 3132 15706
-2185 3044 15767
-2116 2939 15894
-2072 2781 15866
-1754 2684 15806
-1373 2569 15689
-1091 2498 15728
-839 2372 15802
-725 2251 15922
-588 2131 15834
-635 2114 15963
-677 2059 15983
-990 2045 16124
-1120 2022 16059
-1330 2066 16162
-1467 2046 16122
-1721 2032 16274
-1805 1953 16242
-1949 1895 16316
-1956 1867 16279
-1861 1895 16249
-1491 1965 16072
-1206 2069 15951
-889 2180 15881
-726 2308 15811
-594 2454 15722
-680 2573 15714
-867 2673 15709
-1192 2780 15710
-1450 2909 15667
-1726 3041 15720
-1989 3061 15788
-2151 3020 15761
-2117 3005 15714
-2125 2944 15842
-2141 2826 15898
-1946 2735 15882
-1590 2613 15734
-1281 2529 15736
-1012 2451 15812
-901 2335 15942
-725 2219 15865
-735 2156 15885
-679 2102 15918
-917 2090 16084
-1073 2046 16085
-1271 2021 16146
-1383 1984 16120
-1631 1945 16200
-1721 1914 16265
-1843 1837 16318
-1905 1803 16265
-1846 1796 16215
-1607 1850 16090
-1268 1982 15923
-940 2175 15860
-824 2290 15831
-701 2424 15723
-732 2586 15627
-798 2749 15664
-1189 2840 15749
-1550 2897 15780
-1787 2996 15746
-1999 3062 15748
-2200 3047 15747
-2157 3024 15775
-2101 2908 15812
-2083 2783 15859
-1926 2643 15887
-1598 2531 15835
-1241 2445 15778
-981 2361 15818
-838 2233 15883
-697 2173 15884
-671 2132 15858
-651 2127 15945
-863 2096 16002
-1121 2078 16098
-1282 2068 16082
-1509 2090 16179
-1675 2041 16163
-1853 2008 16265
-1917 1923 16255
-1999 1913 16300
-1890 1877 16246
-1689 1889 16143
-1296 1950 15968
-986 2075 15876
-753 2202 15866
-662 2348 15839
-634 2481 15685
-707 2643 15664
-968 2733 15650
-1366 2841 15765
-1617 2951 15700
-1924 3035 15798
-2119 3025 15749
-2251 3022 15792
-2194 2956 15801
-2172 2895 15912
-2068 2760 15887
-1759 2645 15823
-1387 2544 15735
-1133 2471 15777
-934 2352 15900
-759 2242 15858
-682 2153 15936
-676 2122 15979
-750 2076 16101
-988 2043 16074
-1137 2046 16170
-1513 2007 16127
-1761 1971 16228
-1859 1886 16232
-2006 1856 16294
-1960 1833 16242
-1771 1848 16156
-1410 1902 16033
-1097 2044 15889
-795 2208 15855
-677 2344 15830
-629 2485 15724
-698 2662 15651
-888 2773 15627
-1313 2874 15729
-1602 2992 15707
-1899 3076 15778
-2084 3070 15733
-2291 3043 15755
-2196 2970 15771
-2169 2872 15897
-2115 2719 15874
-1848 2584 15892
-1435 2464 15737
-1137 2379 15734
-885 2274 15820
-779 2146 15934
-619 2068 15857
-629 2059 15917
-597 2009 15927
-896 2021 16086
-1051 2015 16083
-1327 2047 16170
-1474 2028 16101
-1768 2024 16229
-1875 1972 16210
-1995 1950 16286
-2021 1926 16218
-1861 1957 16196
-1548 2010 15985
-1172 2160 15814
-837 2312 15793
-812 2376 15853
-711 2444 15714
-723 2588 15653
-791 2657 15621
-1268 2742 15826
-1518 2780 15729
-1745 2930 15754
-1832 2991 15647
-2099 2978 15794
-1999 2890 15799
-2055 2784 15912
-2022 2657 15883
-1906 2569 15915
-1532 2498 15761
-1252 2457 15700
-974 2404 15748
-890 2288 15858
-702 2243 15809
-713 2190 15865
-718 2132 15955
-1006 2080 16079
-1195 2055 16099
-1335 2090 16069
-1479 2112 16098
-1669 2040 16136
-1783 1952 16208
-1831 1847 16235
-1916 1812 16262
-1778 1797 16228
-1574 1834 16116
-1191 1898 15911
-850 2064 15806
-609 2251 15769
-530 2429 15735
-599 2571 15660
-716 2703 15612
-1047 2827 15663
-1481 2935 15723
-1818 3066 15753
-2075 3112 15770
-2266 3070 15743
-2242 3041 15732
-2216 2945 15825
-2104 2814 15900
-1963 2662 15888
-1592 2483 15814
-1227 2364 15743
-913 2286 15772
-719 2164 15901
-532 2066 15891
-490 1977 15843
-480 2002 15927
-663 2010 15972
-969 2055 16083
-1178 2063 16044
-1459 2100 16135
-1672 2077 16093
-1911 2082 16214
-1985 2026 16196
-2076 2013 16265
-1997 1980 16196
-1794 2000 16101
-1365 2078 15902
-1025 2186 15804
-767 2255 15861
-643 2318 15786
-559 2432 15612
-612 2548 15686
-852 2612 15752
-1207 2781 15702
-1446 2875 15776
-1775 2884 15693
-2061 2905 15769
-2016 2854 15739
-2056 2789 15906
-1992 2682 15851
-1749 2629 15805
-1421 2561 15694
-1185 2498 15735
-967 2420 15807
-825 2319 15856
-708 2236 15809
-708 2222 15903
-753 2148 15951
-1007 2106 16085
-1111 2040 16009
-1315 2045 16137
-1417 1983 16104
-1643 1948 16224
-1672 1827 16172
-1780 1803 16270
-1742 1789 16200
-1626 1843 16178
-1297 1897 16004
-1036 2017 15848
-746 2185 15816
-659 2338 15792
-655 2494 15710
-781 2623 15679
-955 2742 15619
-1322 2867 15681
-1614 2963 15685
-1908 3053 15806
-2053 3028 15781
-2185 2973 15780
-2057 2881 15738
-2028 2793 15904
-1961 2637 15910
-1716 2493 15887
-1297 2363 15729
-974 2321 15728
-722 2272 15832
-659 2155 15909
-525 2096 15782
-529 2119 15817
-618 2123 15903
-951 2140 16069
-1168 2123 16053
-1400 2152 16089
-1581 2163 16082
-1842 2140 16177
-1908 2075 16197
-1972 1979 16255
-1980 1917 16232
-1811 1908 16170
-1467 1937 16048
-1085 1983 15890
-743 2071 15849
-567 2135 15821
-466 2275 15773
-529 2424 15655
-633 2565 15643
-980 2654 15684
-1349 2766 15692
-1638 2909 15727
-1908 2988 15778
-2139 2993 15765
-2171 2997 15755
-2189 2922 15820
-2189 2845 15868
-2024 2741 15866
-1645 2621 15771
-1284 2511 15715
-995 2411 15787
-823 2286 15920
-623 2214 15874
-572 2139 15822
-522 2093 15900
-686 2054 15969
-937 2036 16065
-1115 2019 16087
-1324 2021 16138
-1543 1952 16132
-1751 1941 16233
-1846 1884 16227
-1981 1865 16255
-1870 1854 16179
-1671 1898 16086
-1292 1984 15928
-1018 2131 15857
-754 2260 15801
-621 2430 15745
-632 2536 15667
-736 2643 15703
-1018 2741 15703
-1320 2826 15731
-1589 2934 15740
-1828 2975 15807
-2028 2968 15801
-2050 2948 15724
-2065 2890 15783
-2007 2800 15876
-1954 2660 15929
-1644 2524 15820
-1289 2434 15731
-980 2386 15759
-845 2298 15862
-685 2228 15886
-621 2168 15759
-611 2178 15931
-796 2116 16098
-1043 2106 16036
-1183 2087 16123
-1390 2046 16124
-1564 2033 16207
-1814 1950 16173
-1888 1917 16226
-1866 1848 16209
-1696 1843 16211
-1320 1856 16041
-1005 1981 15902
-722 2122 15807
-622 2295 15790
-567 2460 15645
-633 2642 15605
-843 2728 15614
-1284 2806 15734
-1582 2879 15738
-1912 2984 15802
-2088 3000 15734
-2247 3023 15750
-2158 2994 15719
-2140 2930 15879
-2051 2755 15832
-1797 2632 15856
-1365 2493 15733
-1103 2420 15788
-849 2313 15841
-778 2197 15919
-588 2126 15777
-584 2141 15865
-628 2079 15931
-914 2049 16082
-1074 2008 16025
-1282 2046 16130
-1447 2018 16124
-1778 1975 16249
-1828 1911 16183
-1926 1889 16260
-1940 1859 16202
-1824 1885 16226
-1476 1920 16051
-1175 2016 15913
-835 2147 15807
-740 2279 15822
-612 2423 15679
-687 2588 15617
-759 2716 15593
-1144 2830 15709
-1446 2900 15681
-1752 3002 15751
-1948 3020 15734
-2228 3004 15781
-2171 2964 15750
-2182 2878 15884
-2096 2750 15863
-1914 2628 15883
-1489 2496 15758
-1170 2416 15757
-869 2347 15807
-785 2211 15893
-588 2151 15856
-625 2099 15856
-603 2074 15918
-826 2047 16000
-1035 2043 16059
-1233 2046 16090
-1445 2064 16154
-1672 2001 16166
-1827 1989 16244
-1902 1923 16227
-2019 1932 16254
-1876 1916 16152
-1673 1985 16047
-1227 2077 15821
-955 2232 15815
-743 2295 15779
-718 2418 15780
-720 2503 15677
-832 2607 15705
-1099 2688 15686
-1434 2780 15719
-1630 2903 15729
-1867 2952 15786
-2008 2935 15749
-2006 2920 15772
-2024 2847 15844
-2042 2738 15939
-1941 2617 15922
-1608 2507 15792
-1255 2460 15738
-1022 2403 15769
-871 2322 15889
-695 2257 15841
-725 2210 15823
-679 2210 15884
-909 2168 15982
-1106 2114 16058
-1320 2096 16074
-1452 2080 16129
-1658 2026 16173
-1767 1977 16217
-1830 1883 16249
-1883 1821 16279
-1824 1760 16242
-1626 1764 16178
-1218 1806 15986
-904 1979 15881
-667 2105 15821
-571 2295 15802
-560 2440 15604
-658 2662 15686
-992 2748 15780
-1484 2864 15669
-1701 2936 15804
-2022 3021 15734
-2177 3034 15849
-2322 2919 15755
-2157 2880 15924
-1979 2717 15847
-1781 2610 15902
-1254 2466 15709
-1044 2386 15785
-721 2225 15828
-665 2146 15941
-493 2067 15791
-527 2088 15900
-613 2060 15934
-975 2054 16086
-1129 2051 16024
-1375 2073 16109
-1573 2062 16135
-1838 2013 16248
-1942 1959 16222
-2015 1927 16241
-2018 1929 16193
-1827 1938 16120
-1480 1985 16014
-1083 2067 15829
-785 2193 15837
-642 2284 15823
-605 2387 15745
-608 2520 15662
-806 2617 15673
-1196 2724 15761
-1519 2814 15708
-1726 2973 15745
-1926 2982 15701
-2142 2976 15794
-2081 2919 15739
-2124 2877 15898
-2095 2736 15870
-1960 2659 15912
-1509 2526 15723
-1240 2504 15746
-922 2398 15768
-871 2278 15950
-619 2171 15809
-675 2151 15889
-629 2056 15913
-948 2030 16119
-1059 1981 16054
-1272 1996 16169
-1366 1960 16133
-1640 1919 16215
-1671 1866 16217
-1830 1815 16263
-1861 1812 16233
-1765 1822 16181
-1498 1893 16034
-1188 2003 15867
-892 2185 15815
-746 2307 15786
-697 2487 15752
-767 2600 15651
-904 2742 15685
-1230 2828 15713
-1589 2918 15779
-1823 2992 15781
-2069 3014 15795
-2163 2970 15756
-2107 2939 15776
-2031 2812 15881
-2017 2662 15979
-1797 2512 15929
-1471 2402 15833
-1090 2322 15758
-837 2274 15807
-704 2154 15900
-592 2095 15899
-593 2080 15848
-605 2091 15913
-862 2101 16030
-1133 2096 16080
-1360 2113 16113
-1558 2129 16134
-1804 2105 16204
-1940 2034 16235
-2002 1946 16271
-2013 1908 16213
-1899 1895 16195
-1625 1899 16095
-1188 1972 15920
-834 2085 15819
-651 2164 15830
-554 2275 15787
-578 2397 15703
-615 2532 15654
-973 2658 15684
-1370 2747 15751
-1700 2879 15785
-1914 2962 15757
-2154 2980 15785
-2185 2973 15793
-2236 2898 15882
-2158 2808 15937
-2095 2674 15939
-1729 2560 15840
-1362 2495 15762
-1046 2446 15795
-845 2316 15892
-680 2204 15895
-590 2095 15838
-598 2094 15966
-735 2012 16003
-1010 2009 16066
-1166 1992 16162
-1399 2028 16150
-1541 1952 16279
-1797 1846 16231
-1846 1838 16314
-1920 1809 16210
-1800 1851 16206
-1367 1897 15975
-1089 2029 15884
-740 2174 15822
-701 2309 15838
-614 2420 15725
-690 2569 15678
-878 2692 15700
-1326 2777 15780
-1626 2883 15762
-1862 2990 15788
-2047 3002 15768
-2193 2967 15817
-2183 2890 15829
-2149 2783 15937
-2094 2644 15911
-1815 2529 15905
-1402 2424 15779
-1080 2372 15792
-826 2277 15848
-714 2176 15945
-576 2082 15817
-586 2089 15905
-659 2040 15927
-980 2058 16099
-1172 2032 16044
-1394 2069 16165
-1545 2040 16147
-1806 2011 16257
-1836 1932 16203
-1942 1910 16296
-1935 1847 16222
-1810 1864 16195
-1424 1912 15994
-1118 2053 15886
-810 2157 15822
-741 2261 15818
-586 2390 15679
-694 2551 15677
-821 2637 15706
-1287 2707 15810
-1544 2773 15723
-1815 2926 15777
-1970 2958 15758
-2212 2934 15829
-2112 2874 15745
-2130 2813 15898
-2067 2673 15909
-1925 2589 15959
-1494 2472 15763
-1187 2405 15738
-914 2325 15767
-823 2217 15917
-651 2135 15857
-670 2090 15874
-665 2058 15935
-940 2025 16082
-1151 2011 16069
-1350 2034 16106
-1473 2025 16131
-1717 1952 16201
-1797 1895 16200
-1868 1839 16257
-1921 1804 16248
-1834 1807 16243
-1573 1855 16073
-1188 1959 15872
-859 2126 15797
-684 2245 15796
-623 2380 15747
-659 2488 15639
-759 2642 15644
-1137 2743 15706
-1527 2849 15761
-1814 2959 15751
-2032 2991 15759
-2209 2959 15751
-2200 2921 15785
-2181 2807 15866
-2101 2668 15928
-1953 2529 15911
-1588 2423 15809
-1193 2346 15740
-901 2294 15784
-732 2158 15872
-583 2090 15865
-557 2051 15805
-580 2072 15923
-789 2046 15991
-1088 2043 16062
-1280 2061 16028
-1502 2104 16086
-1717 2057 16124
-1891 2012 16226
-1977 1924 16209
-2027 1899 16193
-1958 1885 16204
-1749 1891 16090
-1315 1964 15893
-932 2067 15797
-712 2141 15842
-596 2219 15802
-595 2342 15732
-586 2482 15625
-924 2606 15683
-1295 2693 15751
-1612 2849 15702
-1821 2948 15762
-2084 2944 15783
-2135 2882 15823
-2218 2793 15923
-2148 2659 15877
-1804 2588 15799
-1426 2500 15691
-1136 2443 15746
-884 2303 15806
-746 2209 15880
-591 2086 15784
-632 2069 15943
-704 1971 15942
-994 2003 16067
-1097 1971 16006
-1346 2021 16140
-1426 1963 16110
-1724 1909 16242
-1715 1821 16169
-1901 1802 16278
-1875 1760 16200
-1775 1820 16179
-1386 1890 15932
-1106 2009 15829
-781 2165 15788
-717 2284 15809
-634 2403 15705
-713 2539 15648
-886 2661 15672
-1297 2750 15757
-1616 2851 15752
-1841 2951 15739
-2029 2965 15745
-2156 2912 15765
-2108 2854 15810
-2048 2755 15930
-2046 2599 15899
-1792 2497 15868
-1381 2404 15744
-1078 2328 15766
-820 2251 15828
-743 2135 15931
-544 2043 15836
-628 2035 15893
-651 2002 15904
-943 2036 16060
-1106 2026 16012
-1343 2062 16120
-1481 2038 16126
-1798 1973 16241
-1826 1896 16211
-1948 1825 16264
-1968 1805 16229
-1863 1796 16208
-1516 1845 16040
-1078 1961 15830
-784 2117 15819
-638 2200 15799
-591 2342 15734
-571 2448 15639
-743 2564 15710
-1141 2643 15756
-1523 2737 15794
-1732 2876 15783
-1940 2943 15784
-2103 2968 15796
-2069 2923 15787
-2111 2849 15882
-2055 2725 15910
-1938 2613 15946
-1538 2474 15809
-1230 2431 15778
-918 2345 15786
-821 2216 15915
-587 2142 15845
-581 2105 15871
-577 2063 15965
-869 1999 16053
-1055 1975 16094
-1233 1980 16102
-1426 2004 16178
-1609 1928 16172
-1733 1890 16247
-1808 1780 16236
-1961 1784 16316
-1774 1772 16206
-1603 1844 16130
-1152 1878 15915
-966 2015 15931
-632 2098 15779
-652 2280 15815
-560 2387 15671
-773 2544 15764
-990 2625 15699
-1393 2732 15775
-1623 2865 15716
-1901 2947 15813
-2081 2940 15807
-2114 2887 15797
-2158 2825 15866
-2063 2723 15922
-2029 2629 15972
-1633 2482 15827
-1276 2416 15771
-910 2361 15746
-829 2248 15916
-637 2145 15906
-598 2060 15839
-572 2072 15920
-761 2020 15995
-1021 2031 16142
-1162 2011 16178
-1376 2052 16107
-1524 1986 16270
-1760 1865 16204
-1798 1834 16310
-1943 1754 16195
-1748 1803 16174
-1291 1859 15974
-1054 1978 15916
-727 2051 15838
-687 2152 15817
-544 2285 15699
-723 2439 15742
-925 2522 15700
-1337 2612 15768
-1543 2738 15668
-1783 2905 15768
-1948 2917 15775
-2095 2885 15821
-2063 2845 15765
-2049 2790 15909
-2046 2702 15887
-1806 2649 15869
-1447 2549 15719
-1159 2490 15705
-950 2402 15776
-828 2313 15925
-704 2192 15869
-755 2143 15933
-756 2066 15935
-1005 2056 16074
-1117 1997 16041
-1340 1998 16173
-1370 1908 16104
-1631 1856 16265
-1617 1758 16199
-1788 1738 16332
-1772 1685 16202
-1718 1706 16205
-1362 1747 16005
-1097 1894 15912
-778 2063 15882
-740 2180 15862
-633 2342 15700
-729 2516 15621
-915 2658 15660
-1344 2774 15786
-1671 2860 15728
-1889 2967 15763
-2095 2992 15731
-2284 2954 15837
-2199 2875 15797
-2164 2771 15926
-2045 2613 15891
-1841 2508 15934
-1382 2386 15766
-1075 2353 15775
-755 2246 15776
-715 2140 15889
-521 2079 15818
-595 2082 15886
-600 2068 15912
-945 2063 16050
-1127 2052 16007
-1373 2085 16094
-1526 2088 16098
-1800 2052 16177
-1885 1985 16200
-2033 1884 16238
-2067 1840 16239
-1926 1814 16199
-1643 1852 16093
-1245 1902 15898
-943 1998 15871
-639 2070 15787
-551 2208 15775
-530 2304 15682
-712 2437 15705
-973 2534 15675
-1371 2658 15703
-1601 2821 15688
-1911 2908 15748
-2104 2919 15788
-2140 2913 15763
-2221 2875 15870
-2190 2798 15885
-2129 2750 15900
-1734 2641 15715
-1422 2591 15728
-1072 2484 15691
-952 2376 15879
-702 2240 15844
-719 2149 15863
-609 2084 15864
-817 2029 15982
-957 2001 16032
-1140 1985 16045
-1286 1970 16120
-1485 1885 16113
-1634 1842 16205
-1737 1750 16209
-1903 1737 16274
-1856 1707 16182
-1726 1771 16146
-1363 1830 15934
-1135 1991 15871
-797 2113 15801
-754 2252 15835
-727 2360 15697
-830 2507 15666
-985 2629 15656
-1360 2736 15726
-1674 2834 15742
-1886 2890 15788
-2059 2900 15740
-2068 2883 15839
-2108 2742 15868
-2002 2624 15866
-1990 2546 15775
-1312 2486 15720
-1009 2441 15718
-857 2331 15813
-720 2262 15835
-675 2180 15763
-724 2183 15883
-810 2103 15923
-1097 2098 16076
-1166 2033 15977
-1443 2085 16160
-1480 2018 16075
-1783 1981 16271
-1717 1829 16161
-1928 1788 16305
-1800 1725 16154
-1763 1748 16228
-1298 1750 15986
-1090 1856 15905
-709 1925 15852
-690 2045 15859
-565 2192 15681
-629 2356 15690
-827 2484 15653
-1217 2613 15710
-1499 2779 15684
-1729 2934 15729
-2006 2991 15718
-2122 2985 15769
-2079 2979 15732
-2119 2937 15831
-2140 2828 15849
-1893 2776 15828
-1509 2674 15684
-1220 2602 15716
-934 2467 15756
-846 2342 15912
-646 2207 15840
-717 2130 15926
-624 2021 15898
-896 2017 16059
-953 1956 15998
-1209 1943 16137
-1223 1874 16085
-1511 1829 16214
-1564 1742 16191
-1771 1702 16284
-1792 1706 16217
-1761 1726 16201
-1541 1765 16086
-1242 1836 15914
-929 2010 15883
-773 2121 15840
-757 2272 15828
-715 2420 15628
-821 2614 15612
-1033 2729 15632
-1460 2821 15762
-1668 2882 15745
-1938 2918 15786
-2043 2905 15763
-2076 2908 15768
-2044 2844 15869
-1998 2740 15878
-1808 2651 15867
-1439 2542 15750
-1136 2490 15764
-882 2391 15750
-818 2294 15912
-588 2188 15801
-709 2151 15867
-608 2112 15879
-865 2105 16036
-978 2038 16007
-1261 2050 16101
-1333 2016 16093
-1609 1966 16210
-1670 1887 16193
-1818 1786 16261
-1854 1752 16235
-1783 1730 16203
-1565 1764 16127
-1193 1783 15941
-915 1916 15896
-663 1999 15813
-659 2154 15884
-609 2253 15657
-728 2446 15666
-856 2552 15591
-1337 2691 15752
-1536 2777 15697
-1863 2892 15802
-1975 2903 15712
-2079 2955 15762
-2058 2907 15806
-2082 2853 15867
-1978 2779 15811
-1657 2705 15723
-1302 2646 15675
-1035 2554 15678
-903 2416 15821
-728 2275 15834
-707 2185 15808
-659 2140 15856
-792 2056 15956
-948 2003 16000
-1074 1971 16001
-1203 1973 16098
-1378 1905 16211
-1556 1846 16189
-1624 1730 16252
-1763 1683 16217
-1750 1713 16188
-1658 1756 15971
-1065 1893 15869
-776 2005 15821
-744 2168 15848
-652 2324 15652
-719 2519 15675
-889 2624 15612
-1317 2715 15753
-1503 2785 15670
-1801 2902 15804
-1959 2913 15747
-2144 2932 15830
-2014 2875 15711
-2051 2840 15840
-1931 2719 15786
-1689 2647 15830
-1263 2531 15691
-1081 2454 15750
-835 2356 15789
-785 2285 15852
-659 2216 15781
-716 2182 15873
-737 2117 15866
-964 2088 16028
-1098 2045 16028
-1331 2036 16149
-1442 1983 16143
-1679 1919 16209
-1738 1829 16181
-1848 1762 16267
-1827 1710 16225
-1686 1720 16170
-1398 1732 16076
-1097 1806 15931
-773 1935 15860
-615 2043 15830
-643 2161 15774
-691 2334 15659
-803 2517 15602
-1071 2644 15636
-1478 2754 15699
-1714 2863 15733
-1937 2928 15725
-2097 2952 15708
-2113 2973 15709
-2106 2944 15817
-2099 2844 15798
-1917 2759 15800
-1508 2652 15665
-1227 2606 15723
-953 2485 15744
-927 2361 15883
-672 2233 15735
-738 2194 15856
-647 2092 15890
-939 2042 16076
-988 1947 16003
-1236 1939 16087
-1276 1894 16091
-1563 1844 16221
-1588 1756 16209
-1787 1676 16256
-1834 1634 16223
-1785 1630 16219
-1565 1682 16126
-1231 1760 15930
-965 1910 15917
-783 2004 15835
-755 2210 15805
-675 2372 15614
-813 2555 15673
-1054 2649 15645
-1456 2776 15700
-1593 2883 15643
-1909 2979 15731
-2106 2958 15724
-2129 2972 15762
-2107 2905 15791
-2111 2834 15859
-1971 2732 15862
-1606 2634 15735
-1255 2556 15703
-979 2452 15723
-860 2327 15864
-677 2228 15847
-732 2131 15870
-653 2066 15902
-826 2029 15994
-973 1979 16047
-1171 1957 16084
-1307 1944 16127
-1512 1899 16149
-1678 1837 16233
-1803 1746 16245
-1912 1714 16296
-1835 1693 16194
-1684 1757 16148
-1319 1806 15964
-1059 1953 15889
-744 2064 15808
-748 2197 15869
-740 2281 15729
-841 2434 15707
-970 2534 15654
-1353 2650 15744
-1587 2763 15748
-1822 2891 15778
-1953 2925 15741
-2043 2940 15833
-2061 2897 15904
-2021 2833 15908
-2007 2643 15823
-1690 2601 15747
-1378 2547 15733
-978 2441 15864
-808 2313 15867
-795 2233 15836
-753 2190 15889
-880 2103 16028
-1059 2015 16127
-1195 1949 16096
-1324 1946 16173
-1414 1898 16160
-1626 1834 16305
-1655 1695 16265
-1810 1643 16345
-1742 1575 16253
-1704 1614 16286
-1333 1631 16081
-1136 1784 16021
-770 1880 15891
-823 2066 15920
-671 2223 15707
-801 2471 15744
-925 2588 15626
-1383 2707 15781
-1565 2810 15667
-1883 2964 15799
-2040 3013 15742
-2269 3012 15878
-2146 2949 15773
-2173 2883 15905
-2082 2754 15910
-1854 2660 15936
-1417 2540 15768
-1142 2441 15795
-872 2323 15851
-764 2224 15941
-613 2129 15870
-661 2060 15941
-651 1990 15949
-899 1964 16074
-1048 1940 16097
-1288 1953 16202
-1418 1932 16180
-1706 1883 16275
-1781 1811 16259
-1937 1752 16329
-1945 1708 16290
-1870 1708 16268
-1591 1729 16134
-1271 1812 16000
-941 1927 15900
-753 2048 15887
-719 2166 15828
-731 2296 15712
-820 2448 15660
-1057 2553 15708
-1414 2655 15770
-1660 2784 15782
-1857 2867 15799
-2056 2874 15771
-2053 2907 15753
-2101 2898 15892
-2100 2828 15898
-1992 2769 15910
-1617 2662 15772
-1337 2615 15791
-1084 2530 15794
-1030 2393 15979
-825 2268 15854
-825 2200 15885
-713 2133 15948
-937 2046 16108
-1017 1945 16104
-1200 1913 16177
-1265 1849 16182
-1493 1798 16247
-1563 1714 16286
-1719 1616 16326
-1828 1561 16306
-1794 1560 16286
-1588 1629 16205
-1297 1696 16049
-1078 1829 15968
-832 1968 15854
-799 2172 15836
-764 2328 15709
-898 2513 15702
-1096 2626 15659
-1511 2747 15742
-1712 2885 15700
-2003 2993 15777
-2155 2987 15797
-2199 2973 15778
-2177 2902 15836
-2111 2805 15909
-2000 2693 15943
-1613 2569 15828
-1285 2460 15813
-973 2350 15778
-859 2281 15890
-642 2176 15882
-689 2108 15872
-613 2079 15883
-811 2045 15982
-995 2007 16057
-1227 1996 16113
-1401 1980 16190
-1622 1948 16185
-1812 1900 16326
-1917 1798 16314
-2039 1772 16241
-1974 1711 16238
-1845 1700 16026
-1436 1804 15981
-804 1868 15878
-781 1992 15940
-650 2057 15753
-743 2245 15744
-804 2391 15620
-1212 2554 15759
-1418 2663 15711
-1732 2785 15774
-1910 2848 15721
-2124 2920 15775
-2155 2948 15789
-2199 2932 15867
-2217 2859 15861
-1944 2802 15797
-1570 2747 15695
-1286 2673 15720
-1106 2547 15832
-981 2386 15891
-837 2247 15811
-764 2183 15886
-797 2064 15968
-961 1971 16124
-1031 1889 16046
-1160 1854 16150
-1260 1801 16160
-1535 1733 16279
-1611 1613 16247
-1779 1557 16338
-1816 1510 16276
-1788 1560 16269
-1491 1602 16092
-1267 1756 15964
-970 1909 15871
-944 2078 15866
-814 2253 15679
-873 2471 15617
-999 2571 15607
-1381 2683 15737
-1585 2789 15680
-1815 2923 15745
-1982 2962 15719
-2185 2958 15781
-2076 2936 15740
-2082 2888 15864
-2024 2751 15867
-1821 2654 15894
-1426 2533 15740
-1189 2446 15757
-907 2346 15795
-829 2244 15911
-660 2157 15822
-733 2110 15881
-700 2052 15890
-934 2020 16026
-1083 1970 16041
-1328 1961 16147
-1462 1927 16142
-1738 1871 16188
-1780 1821 16198
-1904 1755 16254
-1961 1682 16258
-1874 1617 16253
-1597 1634 16127
-1239 1696 15983
-980 1821 15944
-769 1924 15863
-691 2078 15782
-643 2222 15638
-749 2396 15630
-982 2510 15636
-1355 2643 15699
-1571 2786 15685
-1875 2893 15742
-2100 2920 15725
-2150 2968 15694
-2181 2964 15779
-2155 2883 15833
-2064 2784 15870
-1657 2690 15724
-1347 2635 15712
-1050 2530 15728
-997 2386 15876
-748 2258 15792
-748 2154 15829
-671 2074 15893
-862 1981 16028
-980 1886 16047
-1099 1864 16064
-1220 1836 16115
-1454 1776 16175
-1588 1721 16234
-1703 1609 16238
-1834 1580 16266
-1838 1560 16245
-1718 1590 16215
-1362 1662 16007
-1116 1810 15900
-872 1922 15848
-793 2093 15852
-693 2256 15677
-703 2453 15653
-921 2559 15644
-1302 2681 15717
-1496 2821 15673
-1737 2947 15705
-1976 2949 15726
-2111 2940 15753
-2107 2888 15833
-2077 2849 15856
-2006 2742 15801
-1686 2577 15687
-1319 2476 15727
-1087 2336 15791
-778 2225 15874
-686 2110 15805
-717 2054 15930
-731 1965 15928
-947 1936 16080
-1017 1899 16030
-1235 1895 16179
-1308 1840 16088
-1591 1811 16240
-1626 1724 16188
-1835 1698 16311
-1801 1633 16200
-1766 1643 16219
-1385 1656 16033
-1167 1808 15950
-849 1915 15895
-838 2036 15883
-696 2160 15692
-705 2347 15675
-833 2450 15675
-1231 2539 15767
-1410 2657 15670
-1628 2784 15723
-1810 2849 15718
-2004 2894 15783
-1946 2884 15708
-1959 2846 15828
-1939 2753 15826
-1755 2673 15829
-1369 2612 15701
-1175 2544 15719
-960 2451 15792
-902 2332 15870
-747 2237 15759
-744 2208 15863
-750 2100 15939
-949 2015 16086
-1032 1948 16055
-1189 1901 16156
-1282 1850 16155
-1492 1779 16209
-1533 1683 16193
-1664 1611 16269
-1715 1549 16264
-1613 1529 16261
-1377 1554 16128
-1103 1648 15987
-862 1784 15932
-714 1925 15837
-659 2115 15752
-689 2301 15640
-785 2492 15609
-1071 2619 15624
-1389 2739 15706
-1664 2856 15729
-1913 2930 15762
-2091 2926 15734
-2105 2934 15696
-2101 2873 15795
-2035 2796 15832
-1831 2712 15814
-1455 2601 15730
-1144 2483 15729
-875 2376 15757
-758 2246 15845
-583 2146 15814
-622 2081 15851
-584 2014 15874
-765 1966 15981
-896 1922 16002
-1089 1916 16088
-1213 1891 16135
-1483 1852 16189
-1622 1808 16173
-1785 1748 16236
-1877 1703 16257
-1866 1654 16239
-1638 1641 16134
-1275 1708 16001
-1016 1801 15939
-843 1865 15917
-651 2005 15798
-579 2178 15652
-652 2328 15677
-959 2405 15685
-1212 2531 15653
-1373 2666 15647
-1655 2778 15747
-1936 2794 15770
-1956 2846 15723
-1945 2870 15699
-1994 2880 15771
-1951 2814 15828
-1653 2741 15734
-1321 2684 15631
-1110 2609 15689
-1009 2464 15808
-872 2362 15849
-804 2260 15782
-755 2192 15876
-823 2074 15922
-959 1997 16046
-969 1914 16044
-1156 1859 16155
-1251 1772 16121
-1424 1715 16228
-1479 1615 16208
-1653 1566 16239
-1642 1501 16231
-1591 1506 16062
-1299 1697 15982
-1102 1841 15915
-852 2011 15859
-752 2145 15685
-785 2357 15663
-975 2505 15660
-1342 2644 15741
-1554 2745 15691
-1772 2851 15729
-1942 2907 15744
-2088 2934 15779
-2047 2913 15756
-1972 2851 15809
-1934 2742 15794
-1684 2668 15790
-1307 2598 15695
-1043 2519 15715
-858 2404 15765
-767 2289 15836
-669 2201 15789
-692 2174 15874
-760 2087 15916
-993 2011 16061
-1082 1969 16017
-1266 1962 16132
-1370 1924 16143
-1627 1857 16230
-1672 1749 16184
-1797 1695 16283
-1829 1618 16268
-1743 1586 16263
-1428 1563 16135
-1200 1632 16027
-873 1731 15963
-781 1854 15923
-647 2022 15765
-691 2199 15704
-776 2339 15650
-1089 2472 15688
-1366 2618 15685
-1623 2746 15733
-1872 2822 15771
-2086 2857 15747
-2080 2913 15695
-2080 2946 15799
-2131 2896 15835
-1905 2833 15808
-1562 2748 15674
-1238 2705 15685
-1053 2608 15781
-974 2438 15907
-807 2286 15831
-835 2180 15876
-755 2089 15922
-914 2026 16084
-954 1909 16054
-1119 1842 16136
-1138 1793 16113
-1384 1747 16252
-1463 1655 16237
-1655 1570 16338
-1720 1506 16257
-1762 1522 16284
-1566 1529 16176
-1352 1622 16068
-1012 1762 15940
-937 1909 15914
-840 2068 15794
-893 2252 15704
-875 2411 15632
-1180 2527 15718
-1450 2632 15694
-1657 2774 15710
-1815 2880 15697
-2024 2904 15744
-2018 2912 15731
-2036 2877 15786
-2003 2815 15816
-1893 2739 15834
-1551 2660 15744
-1245 2590 15710
-1009 2520 15761
-924 2397 15839
-774 2322 15823
-783 2238 15842
-758 2163 15901
-923 2070 16010
-1088 1999 16057
-1213 1958 16109
-1339 1930 16163
-1513 1850 16191
-1612 1771 16247
-1709 1658 16258
-1787 1619 16308
-1778 1545 16304
-1619 1532 16237
-1319 1569 16075
-1100 1674 15980
-860 1791 15889
-791 1964 15866
-751 2128 15710
-829 2311 15692
-1024 2431 15650
-1334 2595 15731
-1544 2734 15704
-1855 2818 15822
-2043 2848 15754
-2144 2914 15729
-2089 2946 15720
-2113 2949 15861
-2033 2858 15744
-1735 2789 15669
-1360 2706 15757
-1175 2464 15852
-1011 2337 15909
-902 2220 15790
-813 2156 15925
-819 2049 15991
-999 1975 16140
-1037 1877 16080
-1211 1835 16202
-1305 1782 16169
-1535 1730 16285
-1620 1630 16270
-1779 1563 16358
-1801 1489 16319
-1738 1513 16296
-1440 1576 16130
-1233 1718 16014
-956 1855 15911
-914 2020 15900
-809 2169 15721
-869 2349 15712
-1017 2459 15677
-1385 2588 15783
-1584 2708 15713
-1812 2824 15744
-1950 2905 15741
-2127 2933 15811
-2079 2908 15772
-2053 2862 15839
-2004 2779 15854
-1783 2709 15852
-1426 2615 15763
-1169 2524 15758
-962 2431 15808
-862 2343 15869
-756 2272 15815
-784 2201 15916
-820 2099 15959
-1053 2012 16087
-1125 1955 16106
-1306 1923 16193
-1379 1856 16182
-1611 1798 16263
-1661 1719 16237
-1784 1661 16291
-1830 1606 16298
-1775 1566 16294
-1524 1562 16164
-1241 1648 16021
-947 1790 15945
-848 1933 15913
-750 2084 15768
-754 2267 15663
-868 2429 15635
-1225 2546 15742
-1555 2624 15738
-1764 2731 15723
-1946 2830 15742
-2127 2866 15775
-2090 2900 15741
-2057 2895 15800
-2027 2821 15820
-1886 2752 15830
-1527 2649 15733
-1252 2578 15733
-1000 2485 15767
-956 2363 15890
-774 2258 15810
-805 2212 15846
-758 2141 15868
-950 2064 16044
-1077 1961 16069
-1261 1921 16156
-1358 1858 16161
-1574 1790 16213
-1646 1708 16252
-1767 1619 16317
-1842 1562 16315
-1805 1528 16316
-1583 1513 16192
-1303 1581 16055
-1034 1706 15979
-874 1826 15933
-763 1995 15810
-774 2168 15676
-808 2354 15653
-1084 2490 15685
-1387 2623 15721
-1594 2778 15692
-1846 2905 15731
-2096 2941 15766
-2147 2970 15753
-2129 2950 15772
-2125 2902 15821
-2030 2789 15858
-1687 2704 15763
-1346 2642 15713
-1068 2561 15755
-932 2419 15864
-757 2297 15851
-732 2181 15822
-709 2103 15928
-844 2006 16015
-998 1924 16110
-1088 1861 16109
-1249 1844 16185
-1398 1792 16165
-1578 1752 16256
-1688 1668 16235
-1826 1633 16302
-1832 1583 16268
-1755 1579 16055
-1495 1604 15985
-1237 1733 15911
-989 1998 15879
-897 2130 15731
-836 2308 15660
-979 2417 15649
-1288 2521 15744
-1507 2642 15737
-1725 2766 15763
-1940 2791 15762
-2049 2839 15752
-2030 2854 15727
-1959 2874 15832
-1984 2796 15838
-1696 2730 15763
-1376 2680 15653
-1152 2641 15685
-1039 2540 15805
-969 2413 15883
-876 2288 15800
-888 2241 15913
-927 2110 15958
-1117 2043 16120
-1133 1946 16062
-1265 1901 16176
-1274 1823 16119
-1519 1759 16274
-1527 1632 16233
-1698 1568 16332
-1687 1471 16271
-1697 1439 16311
-1385 1450 16139
-1192 1597 16025
-895 1721 15937
-868 1880 15911
-757 2060 15720
-821 2271 15674
-939 2415 15640
-1298 2553 15743
-1531 2668 15709
-1757 2805 15748
-1979 2887 15748
-2163 2920 15763
-2108 2942 15713
-2085 2914 15788
-2063 2825 15803
-1847 2735 15798
-1476 2623 15691
-1182 2531 15716
-942 2428 15784
-871 2302 15897
-702 2184 15808
-731 2124 15869
-691 2043 15891
-908 1980 16079
-1019 1891 16067
-1188 1872 16171
-1257 1838 16149
-1549 1799 16233
-1638 1725 16240
-1795 1664 16306
-1811 1626 16241
-1781 1613 16264
-1585 1583 16196
-1345 1629 16074
-1046 1737 15953
-900 1883 15923
-784 2034 15820
-780 2181 15750
-764 2314 15634
-1004 2425 15703
-1303 2510 15727
-1581 2651 15763
-1760 2751 15737
-2007 2778 15756
-2025 2827 15703
-2062 2851 15760
-1987 2833 15763
-1902 2784 15807
-1551 2704 15698
-1291 2638 15686
-1067 2560 15719
-1026 2448 15847
-853 2347 15791
-878 2246 15814
-815 2159 15902
-959 2043 16024
-1027 1950 16062
-1109 1875 16089
-1208 1817 16191
-1366 1736 16204
-1480 1660 16240
-1556 1557 16247
-1690 1528 16297
-1676 1440 16295
-1581 1431 16241
-1284 1497 16034
-1089 1638 16019
-892 1743 15942
-816 1931 15866
-718 2112 15682
-773 2319 15683
-980 2459 15716
-1284 2593 15751
-1466 2727 15708
-1769 2842 15771
-2042 2868 15781
-2075 2918 15756
-2067 2937 15738
-2018 2897 15791
-1950 2778 15830
-1607 2691 15747
-1266 2623 15714
-1026 2539 15821
-915 2390 15868
-806 2163 15786
-740 2113 15880
-700 2004 15932
-946 1944 16068
-976 1879 16049
-1180 1874 16168
-1295 1813 16136
-1526 1768 16236
-1580 1657 16216
-1751 1612 16303
-1754 1538 16247
-1724 1556 16257
-1410 1580 16081
-1191 1676 16010
-887 1755 15951
-833 1878 15908
-704 2041 15721
-710 2222 15712
-861 2322 15679
-1161 2418 15741
-1345 2541 15697
-1579 2679 15743
-1813 2743 15758
-1983 2795 15778
-1956 2824 15712
-1950 2852 15768
-1928 2813 15768
-1711 2778 15784
-1378 2690 15649
-1181 2642 15660
-998 2559 15720
-990 2436 15850
-889 2312 15796
-934 2237 15896
-847 2106 15907
-1015 2028 16054
-1022 1922 16041
-1128 1862 16137
-1142 1787 16107
-1347 1711 16202
-1400 1608 16225
-1550 1525 16292
-1591 1454 16290
-1580 1422 16286
-1378 1410 16186
-1189 1479 16075
-952 1611 15990
-845 1773 15918
-757 1967 15792
-803 2159 15701
-891 2334 15625
-1104 2495 15655
-1366 2622 15691
-1637 2733 15743
-1871 2809 15763
-2032 2841 15723
-2040 2892 15683
-2041 2893 15768
-1986 2826 15794
-1793 2751 15752
-1444 2671 15629
-1143 2619 15637
-925 2539 15714
-895 2399 15812
-756 2269 15775
-793 2178 15808
-737 2114 15857
-892 2038 15998
-968 1953 16032
-1121 1913 16062
-1178 1870 16087
-1384 1825 16180
-1480 1750 16223
-1632 1627 16270
-1723 1573 16290
-1695 1508 16278
-1573 1496 16236
-1295 1519 16083
-1078 1626 16026
-899 1711 15941
-839 1838 15899
-749 1989 15762
-800 2156 15690
-935 2289 15686
-1291 2396 15725
-1459 2537 15699
-1678 2654 15717
-1898 2712 15741
-1962 2769 15749
-2007 2796 15778
-1938 2816 15722
-1895 2850 15772
-1563 2797 15640
-1302 2790 15623
-1043 2735 15585
-1074 2644 15778
-925 2526 15778
-1006 2421 15818
-923 2313 15872
-1081 2186 15985
-1144 2067 16072
-1174 1956 16083
-1160 1886 16161
-1203 1776 16161
-1311 1682 16261
-1363 1536 16238
-1516 1484 16319
-1506 1391 16284
-1501 1366 16305
-1258 1354 16026
-1141 1451 16039
-917 1533 15988
-931 1888 15781
-821 2143 15750
-872 2313 15660
-1350 2468 15735
-1485 2588 15698
-1756 2724 15769
-1963 2749 15778
-2087 2783 15826
-2031 2811 15742
-2000 2882 15780
-1908 2877 15746
-1647 2859 15678
-1278 2808 15548
-1066 2766 15566
-968 2650 15701
-974 2519 15820
-964 2384 15764
-979 2313 15853
-1043 2195 15916
-1176 2111 16074
-1174 2016 16076
-1246 1935 16168
-1260 1808 16152
-1424 1714 16254
-1440 1580 16235
-1589 1501 16348
-1590 1412 16299
-1578 1368 16311
-1310 1357 16176
-1138 1433 16111
-909 1563 16070
-887 1686 16036
-852 1837 15883
-852 2037 15750
-957 2223 15723
-1256 2347 15780
-1526 2500 15769
-1701 2659 15724
-1920 2775 15737
-2078 2846 15762
-2107 2873 15739
-2060 2910 15764
-2030 2904 15746
-1799 2896 15712
-1484 2855 15611
-1233 2822 15617
-1067 2713 15686
-1083 2556 15819
-959 2417 15788
-1033 2331 15913
-980 2173 15951
-1153 2062 16107
-1125 1934 16085
-1198 1892 16180
-1125 1819 16157
-1321 1729 16265
-1343 1589 16255
-1536 1490 16343
-1595 1448 16329
-1645 1401 16357
-1526 1374 16286
-1378 1399 16172
-1133 1528 16092
-1029 1653 16050
-988 1822 15987
-965 1990 15833
-993 2176 15716
-1172 2332 15741
-1454 2499 15802
-1622 2646 15780
-1817 2729 15783
-2027 2761 15765
-2074 2820 15759
-2083 2852 15848
-2050 2841 15830
-1901 2815 15790
-1551 2774 15669
-1294 2777 15648
-1080 2760 15675
-1067 2643 15790
-980 2512 15797
-1076 2391 15842
-1041 2293 15948
-1186 2175 16076
-1262 2067 16134
-1307 1979 16141
-1319 1916 16178
-1376 1819 16155
-1433 1721 16267
-1490 1544 16283
-1634 1467 16342
-1590 1368 16310
-1557 1360 16356
-1331 1364 16206
-1178 1484 16167
-956 1579 16029
-976 1736 16030
-910 1907 15876
-974 2094 15817
-1138 2232 15800
-1510 2337 15876
-1686 2466 15855
-1896 2592 15845
-2018 2673 15794
-2041 2752 15791
-2029 2770 15802
-1942 2814 15807
-1822 2840 15773
-1572 2832 15706
-1314 2824 15648
-1121 2816 15790
-1086 2744 15760
-1085 2660 15729
-1125 2480 15839
-1127 2337 15938
-1280 2218 16078
-1387 2100 16072
-1421 2001 16142
-1419 1863 16159
-1485 1740 16265
-1432 1578 16231
-1512 1492 16324
-1496 1380 16329
-1463 1300 16362
-1249 1263 16242
-1138 1319 16200
-931 1439 16144
-969 1568 16080
-915 1726 15948
-963 1916 15849
-1059 2100 15835
-1373 2231 15904
-1583 2364 15880
-1792 2516 15842
-1971 2628 15828
-2102 2701 15816
-2118 2776 15796
-2021 2802 15814
-1939 2831 15776
-1682 2837 15685
-1382 2860 15635
-1156 2878 15558
-1040 2859 15617
-1046 2759 15705
-1065 2664 15685
-1138 2583 15780
-1237 2437 15895
-1403 2299 16068
-1446 2150 16056
-1452 2047 16127
-1368 1942 16144
-1441 1811 16236
-1403 1640 16243
-1432 1523 16317
-1461 1419 16328
-1404 1315 16344
-1243 1245 16287
-1086 1262 16186
-904 1365 16152
-854 1493 16070
-854 1678 15978
-915 1843 15892
-1026 2007 15809
-1269 2175 15787
-1494 2322 15804
-1733 2458 15843
-1942 2549 15809
-2087 2630 15782
-2067 2721 15690
-2068 2812 15721
-1934 2843 15686
-1726 2854 15639
-1374 2842 15474
-1130 2879 15426
-954 2901 15468
-1028 2843 15591
-1024 2760 15581
-1151 2668 15634
-1240 2569 15770
-1465 2431 15964
-1529 2283 16038
-1531 2146 16050
-1446 2034 16080
-1412 1883 16118
-1340 1736 16198
-1333 1560 16254
-1379 1403 16299
-1323 1264 16304
-1239 1203 16280
-1019 1184 16197
-912 1237 16197
-818 1310 16106
-796 1480 16055
-839 1653 15923
-938 1880 15890
-1139 2055 15848
-1430 2195 15843
-1654 2363 15835
-1888 2498 15867
-2109 2576 15876
-2169 2629 15833
-2138 2662 15798
-2006 2734 15779
-1801 2793 15738
-1488 2804 15658
-1130 2812 15512
-923 2877 15533
-865 2833 15600
-931 2800 15702
-1016 2720 15669
-1139 2650 15813
-1337 2511 15919
-1536 2390 16092
-1511 2274 16106
-1523 2158 16180
-1474 2013 16186
-1470 1840 16272
-1388 1639 16300
-1397 1499 16350
-1326 1344 16348
-1214 1243 16333
-980 1203 16247
-790 1233 16106
-652 1309 16097
-648 1450 16009
-722 1800 15942
-802 1992 15859
-1033 2165 15884
-1630 2313 15896
-1886 2471 15874
-2105 2556 15809
-2170 2640 15816
-2181 2685 15789
-2089 2757 15808
-1876 2801 15707
-1570 2873 15598
-1191 2904 15475
-927 2960 15468
-754 2940 15479
-838 2890 15613
-946 2785 15599
-1155 2716 15740
-1299 2577 15818
-1506 2447 16015
-1499 2293 16039
-1515 2167 16118
-1377 2017 16111
-1350 1855 16186
-1268 1674 16209
-1294 1518 16291
-1300 1360 16288
-1231 1235 16275
-1042 1144 16253
-845 1133 16184
-657 1228 16151
-606 1362 16106
-700 1512 16010
-793 1705 15877
-956 1907 15811
-1253 2088 15837
-1612 2215 15845
-1830 2377 15811
-1990 2483 15722
-2120 2580 15751
-2158 2634 15746
-2096 2694 15778
-1941 2693 15673
-1712 2724 15629
-1292 2741 15487
-1010 2831 15435
-729 2834 15403
-819 2804 15537
-769 2765 15473
-983 2735 15603
-1054 2632 15695
-1434 2504 15916
-1517 2344 15949
-1616 2249 16045
-1499 2137 16050
-1550 2000 16155
-1395 1814 16188
-1423 1600 16241
-1394 1455 16234
-1272 1306 16248
-1094 1229 16242
-853 1146 16154
-679 1179 16189
-522 1260 16069
-579 1461 16075
-632 1600 15909
-836 1802 15898
-1076 1947 15813
-1480 2118 15884
-1705 2264 15833
-1976 2418 15868
-2062 2508 15771
-2189 2609 15800
-2145 2679 15793
-2071 2769 15771
-1782 2825 15664
-1444 2869 15572
-1058 2892 15455
-860 2943 15496
-827 2916 15563
-858 2886 15610
-995 2818 15628
-1141 2719 15753
-1385 2576 15926
-1515 2430 16051
-1561 2290 16128
-1496 2144 16188
-1422 1972 16197
-1321 1814 16262
-1280 1619 16289
-1316 1473 16327
-1225 1304 16325
-1112 1176 16312
-848 1109 16231
-722 1138 16276
-599 1197 16224
-621 1376 16128
-684 1580 15971
-848 1791 15905
-1114 1980 15876
-1434 2131 15856
-1679 2308 15833
-1932 2450 15845
-2165 2544 15866
-2198 2596 15769
-2207 2654 15784
-2064 2674 15775
-1946 2693 15778
-1535 2698 15628
-1168 2731 15511
-798 2805 15407
-697 2823 15610
-657 2788 15531
-805 2728 15638
-935 2575 15785
-1211 2475 15946
-1450 2356 15988
-1642 2241 16097
-1621 2101 16074
-1575 1971 16134
-1476 1774 16141
-1478 1607 16239
-1474 1394 16276
-1341 1245 16261
-1001 1153 16153
-794 1162 16160
-579 1175 16148
-546 1277 16087
-514 1436 15911
-657 1664 15886
-870 1814 15826
-1251 1954 15896
-1494 2088 15820
-1828 2278 15860
-2049 2389 15817
-2230 2506 15837
-2174 2576 15708
-2140 2656 15755
-1967 2691 15684
-1746 2756 15659
-1314 2798 15477
-1024 2860 15442
-799 2873 15445
-854 2878 15545
-842 2848 15497
-1019 2800 15597
-1175 2682 15702
-1488 2552 15950
-1584 2363 16006
-1657 2224 16106
-1553 2105 16099
-1520 1963 16196
-1392 1779 16209
-1343 1597 16306
-1289 1432 16295
-1223 1284 16326
-1046 1151 16308
-845 1105 16232
-631 1155 16202
-579 1254 16199
-615 1393 16106
-705 1587 15985
-818 1806 15901
-1178 1964 15953
-1509 2109 15957
-1804 2263 15950
-1975 2401 15880
-2216 2492 15883
-2265 2552 15839
-2226 2598 15862
-2039 2656 15778
-1815 2694 15740
-1435 2711 15633
-1071 2773 15514
-772 2824 15479
-697 2818 15564
-713 2817 15580
-890 2769 15607
-1064 2718 15726
-1351 2620 15897
-1582 2508 16023
-1680 2377 16102
-1690 2258 16158
-1684 2100 16209
-1565 1927 16241
-1505 1726 16288
-1480 1564 16322
-1368 1386 16361
-1185 1240 16288
-892 1176 16215
-693 1167 16239
-563 1203 16203
-495 1338 16103
-542 1504 15987
-718 1702 15943
-1063 1882 15947
-1425 2018 15938
-1720 2176 15937
-2000 2298 15908
-2246 2398 15950
-2277 2489 15881
-2307 2562 15867
-2149 2620 15799
-1956 2678 15766
-1554 2703 15642
-1182 2748 15526
-860 2783 15492
-770 2801 15530
-748 2817 15562
-869 2782 15551
-1035 2755 15655
-1337 2639 15788
-1626 2510 15996
-1715 2367 16030
-1782 2254 16135
-1712 2090 16148
-1660 1921 16212
-1524 1709 16180
-1497 1548 16299
-1382 1379 16306
-1285 1228 16307
-985 1118 16232
-755 1113 16197
-531 1172 16103
-520 1290 16029
-558 1433 15951
-708 1819 15920
-933 1974 15981
-1345 2111 15942
-1970 2271 15929
-2192 2405 15857
-2360 2537 15857
-2349 2607 15834
-2285 2624 15843
-2114 2632 15789
-1794 2625 15750
-1360 2636 15625
-1014 2707 15536
-760 2742 15519
-709 2760 15576
-734 2746 15554
-901 2728 15659
-1120 2622 15775
-1444 2517 15979
-1639 2391 16073
-1769 2296 16184
-1769 2190 16190
-1764 2060 16243
-1667 1898 16273
-1615 1722 16343
-1570 1534 16371
-1438 1355 16375
-1179 1228 16311
-956 1164 16284
-693 1160 16288
-577 1235 16244
-539 1370 16100
-601 1556 16026
-764 1736 15951
-1124 1909 15993
-1466 2035 15962
-1836 2199 15981
-2037 2334 15935
-2320 2445 15973
-2341 2520 15893
-2342 2632 15910
-2127 2706 15766
-1916 2776 15748
-1467 2821 15574
-1216 2885 15524
-928 2905 15490
-973 2881 15574
-931 2839 15569
-1120 2783 15649
-1216 2686 15745
-1505 2547 15948
-1621 2411 16013
-1692 2291 16119
-1634 2139 16156
-1601 1959 16235
-1493 1769 16243
-1448 1562 16283
-1438 1424 16320
-1336 1287 16336
-1204 1155 16295
-934 1104 16210
-770 1135 16214
-663 1211 16214
-696 1357 16115
-759 1560 15988
-910 1762 15896
-1225 1959 15937
-1518 2107 15875
-1816 2285 15934
-2060 2386 15876
-2329 2497 15924
-2312 2544 15818
-2372 2610 15872
-2175 2620 15776
-2040 2646 15798
-1557 2624 15617
-1247 2696 15547
-848 2732 15437
-857 2723 15576
-742 2696 15539
-943 2684 15598
-994 2638 15642
-1374 2565 15850
-1569 2461 15975
-1749 2353 16064
-1750 2263 16119
-1823 2120 16163
-1749 1968 16214
-1687 1759 16267
-1638 1578 16314
-1523 1392 16318
-1347 1261 16324
-993 1163 16223
-771 1174 16212
-560 1198 16178
-579 1321 16145
-580 1456 15993
-706 1669 15943
-966 1821 15924
-1411 1958 16002
-1712 2105 15952
-1974 2281 15939
-2213 2398 15897
-2362 2501 15887
-2372 2569 15850
-2283 2646 15808
-2117 2700 15745
-1753 2753 15664
-1329 2799 15549
-1010 2848 15499
-837 2851 15539
-807 2847 15543
-865 2808 15689
-1030 2760 15774
-1282 2489 15977
-1565 2354 16027
-1660 2250 16150
-1644 2110 16136
-1636 1948 16224
-1513 1724 16216
-1552 1569 16322
-1442 1409 16323
-1351 1284 16325
-1073 1151 16263
-870 1113 16232
-622 1174 16195
-584 1296 16162
-607 1443 16032
-715 1651 15921
-863 1861 15869
-1285 2016 15924
-1645 2158 15926
-1919 2294 15927
-2128 2399 15883
-2321 2488 15896
-2368 2563 15869
-2277 2611 15842
-2121 2641 15746
-1828 2643 15711
-1416 2636 15608
-1061 2681 15507
-791 2715 15510
-743 2698 15579
-750 2683 15532
-862 2678 15594
-1059 2610 15688
-1413 2508 15888
-1580 2411 15970
-1712 2295 16090
-1721 2170 16122
-1780 2035 16206
-1702 1864 16223
-1658 1693 16270
-1612 1531 16263
-1425 1385 16286
-1154 1258 16242
-884 1188 16189
-644 1171 16222
-552 1215 16171
-501 1353 16050
-583 1521 15965
-753 1697 15928
-1108 1851 15953
-1408 2008 15923
-1714 2168 15909
-1969 2299 15912
-2232 2393 15924
-2287 2476 15843
-2294 2572 15813
-2151 2674 15769
-1928 2738 15734
-1520 2782 15596
-1170 2819 15465
-851 2877 15461
-832 2877 15534
-815 2854 15563
-961 2782 15569
-1129 2687 15686
-1403 2559 15864
-1601 2427 16012
-1617 2295 16062
-1609 2189 16129
-1549 2011 16157
-1495 1843 16223
-1418 1627 16248
-1428 1471 16337
-1285 1302 16313
-1175 1158 16301
-878 1085 16201
-692 1121 16230
-536 1164 16192
-533 1298 16129
-595 1487 16006
-710 1712 15927
-1018 1915 15923
-1340 2080 15913
-1646 2246 15917
-1889 2379 15876
-2192 2485 15935
-2256 2558 15878
-2307 2617 15907
-2148 2657 15818
-1991 2682 15793
-1542 2689 15631
-1182 2724 15538
-817 2771 15450
-737 2761 15543
-679 2726 15552
-827 2678 15572
-942 2628 15685
-1214 2514 15806
-1459 2401 15969
-1550 2288 16010
-1597 2195 16111
-1581 2049 16096
-1571 1906 16190
-1496 1703 16194
-1513 1542 16278
-1423 1357 16291
-1279 1221 16283
-938 1128 16188
-741 1125 16178
-469 1169 16125
-440 1324 16006
-445 1449 15909
-593 1655 15800
-776 2012 15890
-1172 2148 15863
-1484 2323 15870
-2028 2453 15819
-2204 2568 15798
-2218 2654 15742
-2161 2727 15765
-1969 2786 15675
-1703 2817 15571
-1292 2847 15433
-1035 2884 15432
-861 2864 15453
-946 2792 15556
-910 2708 15477
-1040 2633 15631
-1155 2486 15740
-1407 2335 15961
-1376 2178 15958
-1416 2060 16096
-1336 1936 16101
-1374 1779 16183
-1291 1586 16169
-1301 1441 16225
-1304 1306 16272
-1222 1182 16299
-1004 1107 16229
-780 1128 16148
-619 1208 16154
-556 1352 16091
-644 1530 15984
-693 1728 15891
-916 1910 15855
-1196 2065 15895
-1530 2212 15894
-1772 2366 15882
-1976 2486 15808
-2122 2592 15785
-2132 2629 15734
-2103 2687 15793
-1956 2687 15689
-1718 2714 15670
-1298 2703 15479
-1053 2747 15496
-802 2720 15458
-869 2700 15578
-778 2622 15503
-985 2584 15665
-1013 2466 15696
-1324 2380 15930
-1346 2230 15943
-1522 2143 16110
-1418 2037 16074
-1541 1911 16175
-1402 1740 16133
-1463 1569 16281
-1401 1403 16258
-1324 1269 16303
-1075 1171 16250
-856 1141 16171
-603 1219 16124
-517 1297 16111
-530 1454 16014
-580 1628 15876
-716 1826 15860
-1023 1965 15869
-1408 2127 15938
-1630 2277 15890
-1911 2434 15875
-2085 2549 15781
-2184 2662 15783
-2131 2727 15745
-2057 2798 15708
-1824 2828 15650
-1478 2836 15567
-1150 2840 15471
-911 2858 15461
-877 2795 15553
-885 2733 15565
-1022 2639 15603
-1069 2522 15705
-1293 2360 15852
-1400 2224 15997
-1434 2090 16075
-1361 1968 16100
-1347 1830 16107
-1303 1677 16175
-1302 1493 16228
-1334 1360 16289
-1261 1212 16316
-1158 1101 16298
-885 1066 16197
-766 1137 16200
-621 1240 16135
-654 1422 16085
-672 1579 15933
-813 1785 15908
-1038 1979 15873
-1381 2143 15915
-1621 2288 15867
-1875 2451 15837
-2065 2540 15817
-2130 2647 15772
-2165 2684 15778
-2053 2716 15751
