-1083 1815 16019
-1087 1814 16014
-1111 1884 16035
-1227 1820 15992
-954 1622 15813
-603 1633 15985
-1510 1971 16001
-1203 1785 15926
-940 1536 15967
-691 1571 16063
-1423 1880 16033
-984 1865 16010
-1021 1748 16013
-837 1651 15857
-1309 1967 15823
-1328 1916 15955
-940 1924 15883
-1151 1783 16009
-950 1863 15779
-1688 1738 16116
-810 1541 15845
-1332 1533 16226
-951 1807 15862
-1724 1877 16220
-890 1876 15758
-1272 1595 16278
-680 1782 15752
-1698 1781 16276
-839 1869 15685
-1496 1613 16287
-538 1663 15831
-1622 1816 16285
-883 1905 15771
-1539 1701 16242
-571 1651 15796
-1521 1704 16220
-974 1922 15757
-1591 1771 16237
-642 1753 15858
-1399 1690 16226
-909 1854 15836
-1574 1850 16143
-828 1815 15815
-1412 1719 16178
-816 1839 15762
-1533 1813 16198
-945 1858 15734
-1489 1783 16185
-826 1883 15715
-1566 1774 16207
-737 1913 15570
-1812 1723 16261
-616 1673 15680
-1632 1564 16300
-629 1697 15659
-1820 1775 16303
-627 1823 15678
-1511 1662 16310
-459 1779 15650
-1697 1695 16329
-565 1844 15610
-1666 1652 16307
-368 1659 15681
-1610 1732 16263
-641 1858 15667
-1652 1758 16245
-365 1698 15728
-1449 1660 16230
-662 1853 15660
-1693 1796 16183
-532 1820 15739
-1360 1675 16197
-642 1827 15711
-1544 1861 16149
-709 1827 15580
-1401 1681 16181
-572 1770 15581
-1552 1767 16154
-664 1835 15563
-1486 1737 16196
-504 1779 15575
-1469 1624 16210
-470 1858 15444
-1826 1665 16312
-262 1568 15729
-1307 1579 16283
-648 1816 15629
-1697 1819 16188
-396 1749 15602
-1212 1560 16241
-461 1793 15559
-1624 1781 16249
-453 1807 15584
-1302 1565 16227
-284 1653 15703
-1495 1755 16204
-655 1835 15632
-1392 1663 16118
-329 1657 15677
-1377 1666 16089
-769 1885 15618
-1520 1755 16103
-550 1696 15553
-1329 1713 16056
-825 1851 15604
-1514 1823 16106
-671 1772 15660
-1290 1680 16154
-648 1778 15682
-1460 1797 16197
-738 1834 15693
-1358 1743 16165
-610 1826 15615
-1487 1714 16226
-568 1909 15548
-1669 1668 16298
-357 1618 15728
-1444 1533 16312
-532 1754 15708
-1755 1790 16270
-475 1790 15697
-1387 1595 16273
-431 1783 15646
-1728 1731 16269
-565 1875 15638
-1542 1621 16282
-391 1706 15734
-1649 1776 16207
-779 1947 15699
-1686 1835 16262
-499 1685 15698
-1523 1731 16304
-881 1921 15686
-1682 1812 16288
-610 1749 15675
-1458 1672 16287
-819 1820 15739
-1697 1845 16236
-723 1808 15720
-1497 1645 16273
-615 1756 15708
-1674 1755 16343
-777 1869 15703
-1590 1703 16301
-581 1772 15687
-1649 1651 16336
-597 1913 15572
-1913 1736 16378
-426 1630 15805
-1523 1593 16339
-697 1826 15762
-1889 1847 16292
-582 1823 15734
-1477 1611 16268
-588 1816 15705
-1830 1793 16286
-686 1896 15699
-1555 1618 16225
-498 1719 15636
-1771 1885 16212
-956 1908 15639
-1563 1701 16237
-560 1687 15714
-1571 1745 16260
-964 1912 15667
-1630 1776 16225
-636 1686 15701
-1431 1678 16214
-865 1825 15737
-1604 1801 16225
-681 1754 15742
-1373 1646 16212
-675 1751 15765
-1559 1757 16238
-738 1837 15761
-1412 1694 16214
-565 1816 15656
-1534 1679 16226
-532 1870 15596
-1698 1606 16337
-296 1627 15769
-1491 1525 16333
-433 1748 15735
-1760 1751 16267
-447 1793 15682
-1491 1619 16260
-451 1800 15573
-1681 1736 16287
-592 1774 15487
-1569 1602 16261
-443 1643 15601
-1635 1773 16250
-683 1822 15598
-1550 1671 16227
-346 1639 15623
-1492 1656 16236
-686 1834 15615
-1573 1740 16255
-433 1702 15672
-1385 1623 16205
-610 1786 15653
-1573 1785 16224
-574 1760 15626
-1354 1621 16166
-422 1673 15697
-1469 1678 16207
-570 1815 15666
-1410 1645 16196
-394 1746 15565
-1469 1600 16134
-459 1915 15493
-1743 1689 16194
-324 1587 15770
-1265 1547 16071
-707 1888 15572
-1774 1848 16126
-526 1721 15581
-1273 1592 16200
-717 1823 15541
-1742 1829 16219
-655 1773 15507
-1398 1576 16196
-508 1664 15679
-1581 1805 16273
-755 1844 15703
-1377 1650 16253
-441 1633 15721
-1446 1685 16229
-863 1860 15660
-1512 1739 16193
-523 1672 15712
-1329 1638 16208
-787 1803 15757
-1521 1809 16177
-644 1742 15771
-1287 1655 16175
-658 1778 15798
-1522 1777 16181
-797 1879 15820
-1386 1737 16186
-620 1858 15674
-1530 1711 16184
-638 1944 15559
-1766 1730 16233
-554 1639 15653
-1582 1669 16260
-834 1839 15674
-1822 1846 16268
-635 1797 15693
-1450 1628 16309
-619 1815 15658
-1783 1771 16299
-658 1820 15608
-1587 1621 16311
-478 1689 15756
-1668 1820 16319
-770 1891 15697
-1612 1737 16263
-444 1696 15716
-1569 1740 16263
-851 1921 15733
-1684 1833 16246
-583 1778 15759
-1440 1699 16242
-785 1881 15744
-1677 1857 16225
-703 1867 15728
-1420 1692 16223
-585 1803 15808
-1590 1790 16219
-774 1956 15652
-1539 1795 16204
-675 1813 15645
-1615 1769 16233
-716 1977 15446
-1894 1714 16279
-407 1625 15610
-1575 1689 16293
-828 1902 15663
-1795 1854 16283
-469 1746 15663
-1364 1623 16295
-615 1834 15591
-1744 1816 16295
-536 1797 15617
-1434 1605 16277
-442 1700 15744
-1587 1828 16282
-704 1867 15697
-1391 1684 16229
-365 1666 15737
-1436 1725 16231
-800 1902 15691
-1498 1770 16186
-465 1734 15742
-1294 1698 16187
-726 1877 15739
-1508 1845 16124
-615 1813 15636
-1271 1684 16159
-756 1819 15644
-1522 1795 16138
-772 1859 15620
-1374 1740 16190
-611 1817 15622
-1508 1732 16193
-580 1878 15488
-1707 1663 16231
-350 1622 15585
-1569 1583 16283
-548 1746 15622
-1740 1768 16295
-395 1760 15637
-1416 1598 16280
-428 1767 15565
-1733 1712 16294
-438 1824 15530
-1523 1601 16288
-306 1682 15677
-1616 1774 16241
-658 1875 15601
-1583 1730 16185
-360 1688 15682
-1491 1725 16151
-770 1909 15664
-1624 1779 16181
-476 1769 15527
-1357 1729 16205
-866 1847 15631
-1608 1857 16174
-680 1793 15617
-1454 1667 16145
-639 1749 15651
-1584 1747 16268
-709 1827 15645
-1493 1705 16251
-555 1769 15612
-1573 1676 16244
-593 1904 15488
-1828 1668 16303
-301 1546 15729
-1442 1602 16299
-801 1850 15702
-1792 1817 16228
-432 1699 15673
-1296 1562 16252
-611 1803 15645
-1765 1795 16253
-561 1789 15659
-1387 1559 16274
-443 1698 15813
-1613 1818 16246
-789 1919 15732
-1492 1688 16177
-474 1677 15789
-1508 1790 16234
-991 1928 15632
-1575 1763 16212
-628 1684 15674
-1472 1723 16189
-929 1874 15732
-1604 1827 16204
-721 1750 15692
-1424 1676 16209
-770 1771 15717
-1611 1813 16221
-807 1832 15728
-1439 1704 16231
-635 1809 15645
-1591 1701 16246
-628 1895 15550
-1750 1661 16336
-360 1614 15750
-1541 1565 16368
-599 1794 15736
-1831 1793 16314
-478 1798 15705
-1484 1615 16259
-526 1814 15683
-1810 1793 16259
-576 1882 15639
-1570 1626 16247
-421 1731 15744
-1701 1807 16250
-831 1904 15610
-1614 1709 16228
-459 1686 15637
-1593 1731 16275
-818 1903 15648
-1646 1773 16274
-513 1704 15620
-1456 1664 16189
-713 1818 15648
-1653 1824 16200
-628 1811 15585
-1476 1640 16226
-512 1736 15647
-1624 1740 16237
-632 1846 15645
-1525 1696 16260
-416 1755 15582
-1563 1636 16259
-445 1900 15511
-1807 1681 16325
-198 1592 15759
-1387 1598 16280
-590 1828 15692
-1771 1842 16196
-391 1762 15647
-1292 1580 16171
-505 1839 15612
-1711 1794 16224
-536 1794 15474
-1435 1645 16166
-546 1716 15579
-1634 1876 16205
-784 1883 15600
-1440 1652 16237
-423 1676 15681
-1462 1748 16236
-821 1896 15626
-1526 1744 16185
-508 1700 15634
-1377 1672 16153
-768 1828 15670
-1537 1821 16196
-594 1741 15693
-1322 1644 16198
-593 1749 15729
-1533 1766 16218
-690 1860 15728
-1410 1688 16183
-498 1799 15623
-1534 1671 16247
-496 1915 15580
-1729 1647 16344
-248 1674 15767
-1548 1571 16318
-547 1853 15706
-1868 1841 16100
-472 1781 15601
-1511 1653 16287
-652 1844 15544
-1849 1799 16271
-636 1807 15518
-1617 1626 16301
-474 1672 15668
-1703 1809 16308
-720 1860 15628
-1604 1723 16256
-412 1661 15636
-1572 1709 16244
-782 1892 15608
-1669 1785 16267
-506 1724 15677
-1439 1655 16218
-703 1838 15707
-1678 1835 16250
-632 1847 15656
-1447 1653 16249
-518 1744 15726
-1605 1757 16240
-695 1911 15706
-1527 1710 16260
-457 1791 15646
-1558 1638 16236
-534 1999 15576
-1806 1745 16297
-339 1563 15639
-1508 1714 16248
-986 1940 15632
-1815 1882 16211
-492 1725 15619
-1364 1609 16260
-769 1866 15584
-1843 1857 16243
-633 1782 15573
-1431 1587 16235
-564 1709 15695
-1686 1856 16287
-810 1851 15672
-1430 1664 16273
-456 1647 15717
-1523 1728 16243
-878 1903 15683
-1542 1757 16241
-510 1679 15708
-1361 1668 16210
-808 1867 15749
-1556 1829 16182
-635 1772 15758
-1327 1654 16189
-660 1806 15774
-1559 1813 16178
-765 1908 15772
-1405 1731 16152
-619 1864 15627
-1552 1803 16170
-766 1917 15546
-1698 1723 16242
-510 1632 15606
-1544 1673 16228
-800 1823 15672
-1738 1826 16261
-507 1758 15651
-1380 1635 16278
-595 1802 15602
-1695 1766 16261
-566 1804 15561
-1489 1614 16269
-418 1664 15689
-1599 1798 16243
-692 1875 15639
-1511 1705 16239
-342 1672 15671
-1465 1704 16219
-749 1902 15682
-1585 1802 16223
-495 1763 15690
-1364 1670 16207
-676 1855 15720
-1579 1819 16205
-587 1851 15695
-1331 1651 16189
-524 1799 15588
-1519 1827 16188
-783 1847 15619
-1403 1752 16196
-562 1781 15593
-1475 1728 16197
-659 1948 15488
-1733 1717 16294
-354 1605 15629
-1421 1665 16226
-788 1859 15641
-1673 1831 16230
-442 1758 15644
-1301 1607 16246
-620 1845 15571
-1652 1821 16233
-559 1811 15587
-1375 1601 16237
-471 1708 15721
-1548 1833 16229
-744 1872 15656
-1400 1697 16199
-419 1676 15728
-1440 1753 16203
-846 1929 15721
-1501 1788 16171
-507 1738 15760
-1310 1710 16155
-824 1912 15602
-1555 1853 16153
-753 1785 15671
-1359 1702 16148
-852 1836 15684
-1562 1833 16169
-837 1835 15708
-1400 1756 16168
-716 1851 15659
-1546 1743 16207
-672 1883 15511
-1724 1664 16284
-443 1637 15646
-1612 1622 16304
-670 1789 15660
-1780 1787 16294
-504 1771 15702
-1479 1624 16300
-552 1803 15656
-1741 1755 16314
-559 1830 15630
-1537 1626 16284
-444 1704 15739
-1683 1809 16258
-763 1908 15707
-1589 1757 16201
-440 1714 15761
-1511 1734 16226
-835 1946 15734
-1659 1807 16239
-613 1735 15644
-1440 1717 16195
-869 1859 15685
-1659 1861 16191
-739 1813 15603
-1427 1653 16239
-666 1777 15651
-1615 1795 16230
-750 1870 15663
-1465 1703 16223
-551 1763 15633
-1551 1690 16257
-598 1945 15504
-1811 1707 16304
-308 1554 15751
-1395 1626 16247
-818 1892 15685
-1783 1874 16191
-442 1722 15705
-1238 1576 16240
-617 1848 15672
-1709 1830 16250
-559 1815 15674
-1292 1583 16209
-488 1729 15782
-1624 1865 16174
-825 1935 15696
-1404 1705 16168
-568 1689 15630
-1550 1796 16187
-970 1911 15638
-1494 1760 16182
-586 1682 15649
-1390 1717 16164
-907 1875 15687
-1528 1809 16190
-656 1755 15684
-1368 1680 16155
-732 1811 15677
-1534 1799 16186
-743 1836 15714
-1369 1721 16167
-599 1813 15628
-1500 1700 16212
-547 1891 15561
-1681 1677 16261
-343 1611 15746
-1445 1565 16277
-569 1794 15702
-1754 1823 16238
-486 1815 15670
-1375 1623 16193
-494 1828 15635
-1738 1776 16216
-588 1891 15647
-1482 1613 16205
-410 1699 15583
-1689 1859 16250

