-358 1693 16029
-358 1693 16029
-376 1743 16076
-389 1714 16097
-422 1657 16021
-377 1721 16038
-394 1742 16051
-405 1708 16023
-368 1709 16042
-393 1732 16056
-397 1737 16073
-406 1718 16069
-371 1708 16049
-407 1715 16035
-411 1754 16055
-426 1731 16062
-405 1737 16099
-442 1710 16062
-391 1747 16101
-431 1698 16095
-352 1738 16094
-422 1693 16080
-362 1728 16091
-436 1712 16089
-362 1723 16089
-423 1708 16074
-395 1740 16073
-427 1706 16058
-367 1733 16050
-418 1703 16050
-369 1739 16048
-403 1734 16053
-351 1742 16081
-409 1719 16055
-351 1745 16059
-415 1733 16009
-371 1732 16020
-413 1708 16002
-353 1737 16021
-414 1713 16024
-358 1710 16032
-374 1705 16031
-353 1713 16040
-405 1691 15998
-350 1686 16013
-392 1678 15963
-351 1671 15956
-397 1662 15963
-337 1655 16007
-409 1662 16048
-337 1677 16027
-372 1592 15993
-337 1653 16057
-388 1655 16058
-324 1647 15987
-391 1630 15987
-371 1687 16006
-376 1685 16009
-368 1646 16002
-367 1664 15978
-337 1701 16026
-378 1687 15992
-334 1696 16018
-406 1680 16021
-338 1726 16059
-386 1716 16044
-352 1712 16056
-402 1725 16025
-365 1761 16076
-426 1753 16064
-359 1754 16095
-402 1736 16082
-385 1759 16113
-395 1758 16097
-334 1761 16099
-402 1759 16077
-359 1775 16106
-435 1755 16070
-377 1779 16079
-421 1754 16082
-380 1794 16094
-405 1765 16093
-362 1773 16087
-432 1745 16067
-376 1751 16100
-410 1762 16089
-404 1752 16089
-415 1739 16075
-400 1761 16074
-437 1742 16034
-381 1738 16061
-424 1719 16056
-397 1738 16062
-433 1725 16050
-386 1718 16067
-407 1710 16031
-385 1718 16083
-433 1700 16016
-391 1713 16036
-425 1694 16016
-390 1694 16037
-435 1670 16031
-398 1673 16029
-417 1663 16029
-376 1684 16012
-395 1664 16016
-382 1671 16039
-402 1663 16003
-389 1667 16003
-409 1664 15990
-381 1652 16010
-394 1657 15999
-398 1662 15993
-389 1656 15992
-376 1658 16010
-415 1657 15974
-384 1679 16033
-385 1672 16020
-356 1674 15995
-407 1674 16004
-348 1698 16033
-391 1677 16013
-356 1708 16045
-403 1684 16028
-372 1716 16062
-389 1697 16047
-386 1712 16045
-384 1711 16059
-378 1723 16059
-380 1732 16048
-378 1734 16073
-391 1749 16055
-335 1759 16076
-400 1746 16066
-351 1770 16060
-402 1742 16077
-351 1769 16084
-401 1749 16064
-342 1766 16091
-401 1743 16057
-349 1759 16078
-417 1740 16065
-384 1753 16057
-390 1729 16056
-385 1734 16090
-412 1726 16062
-349 1733 16078
-412 1698 16072
-351 1723 16077
-374 1718 16057
-361 1709 16067
-438 1692 16059
-367 1719 16054
-389 1695 16034
-382 1696 16058
-391 1705 16022
-385 1699 16018
-415 1673 16024
-372 1690 16047
-367 1686 16008
-356 1682 16039
-408 1689 16012
-374 1696 16026
-397 1682 16021
-333 1705 16050
-407 1683 16007
-360 1706 16036
-413 1697 16012
-362 1701 16038
-405 1682 16027
-363 1708 16046
-391 1682 16029
-381 1712 16040
-395 1703 16026
-336 1707 16061
-409 1701 16026
-321 1723 16070
-390 1703 16045
-344 1715 16049
-389 1707 16042
-360 1719 16081
-392 1713 16057
-356 1725 16057
-405 1711 16047
-352 1735 16058
-389 1711 16054
-358 1726 16047
-384 1724 16019
-357 1733 16047
-389 1711 16054
-358 1731 16077
-390 1706 16031
-346 1728 16052
-397 1720 16042
-348 1730 16056
-392 1705 16041
-361 1720 16053
-411 1714 16035
-361 1720 16043
-413 1698 16051
-360 1706 16031
-418 1702 16025
-355 1714 16055
-417 1686 16024
-368 1711 16024
-409 1679 16049
-357 1701 16035
-417 1694 16025
-361 1687 16040
-423 1692 16003
-377 1699 16021
-412 1686 16023
-394 1710 16021
-415 1681 16016
-387 1700 16033
-432 1681 16044
-391 1707 16040
-441 1685 16014
-361 1700 16043
-431 1691 16034
-378 1705 16042
-412 1690 16018
-389 1700 16057
-419 1685 16020
-388 1713 16060
-439 1704 16029
-390 1717 16059
-425 1710 16051
-400 1719 16060
-428 1708 16028
-397 1726 16068
-425 1710 16056
-399 1725 16064
-427 1726 16047
-383 1721 16075
-423 1703 16055
-385 1739 16064
-417 1715 16050
-399 1727 16074
-403 1717 16064
-381 1733 16070
-407 1731 16053
-363 1734 16054
-426 1715 16050
-394 1739 16057
-396 1729 16029
-359 1724 16046
-410 1702 16057
-357 1730 16043
-422 1715 16021
-392 1725 16050
-363 1722 16050
-332 1721 16037
-394 1719 16014
-381 1718 16048
-386 1706 16068
-352 1705 16081
-358 1697 16027
-362 1710 16060
-422 1695 16047
-348 1700 16037
-401 1702 16042
-325 1697 16044
-341 1699 16008
-356 1691 16039
-453 1691 16007
-257 1722 16051
-403 1646 16054
-326 1705 16033
-380 1686 16009
-344 1690 16031
-459 1685 16017
-275 1719 16007
-295 1695 15993
-264 1680 16119
-633 1596 16018
80 1800 16033
-573 1658 16089
-383 1767 16016
-288 1664 15980
-472 1645 15913
-444 1738 15940
-387 1756 16047
-464 1675 16056
-267 1749 16094
-397 1685 16039
-417 1676 16071
-294 1741 16033
-273 1710 16104
-258 1686 16102
-351 1754 15978
-577 1719 15912
-437 1730 16118
-346 1703 16155
-248 1715 16079
-478 1704 15986
-490 1745 16030
-385 1702 16114
-302 1726 16110
-463 1714 16036
-455 1747 16010
-448 1726 16024
-424 1741 16020
-469 1707 16067
-335 1723 16105
-406 1714 16029
-439 1736 16030
-456 1724 16019
-361 1730 16094
-428 1700 16018
-337 1736 16026
-483 1715 15991
-377 1721 16057
-403 1704 16060
-392 1708 16035
-434 1724 16040
-360 1718 16047
-438 1692 15997
-409 1714 16036
-409 1691 16040
-379 1693 16060
-401 1690 16002
-381 1701 16034
-412 1685 16040
-377 1694 16040
-395 1683 16011
-381 1678 16054
-413 1676 16035
-362 1702 16039
-412 1670 16010
-358 1686 16027
-430 1684 16012
-369 1683 16043
-372 1693 16024
-390 1690 16036
-359 1702 16021
-370 1691 16047
-382 1692 16027
-383 1716 16044
-392 1693 16013
-348 1713 16026
-374 1684 16032
-363 1711 16047
-369 1705 16038
-362 1725 16044
-404 1701 16048
-328 1717 16053
-399 1713 16020
-336 1743 16042
-368 1700 16053
-368 1710 16077
-344 1722 16081
-362 1722 16053
-411 1733 16044
-358 1736 16078
-377 1723 16065
-366 1730 16072
-375 1734 16045
-396 1735 16066
-410 1736 16044
-330 1752 16078
-409 1726 16066
-328 1743 16051
-383 1725 16036
-387 1735 16062
-416 1732 16048
-331 1741 16074
-397 1711 16036
-332 1744 16052
-435 1714 16040
-346 1712 16056
-401 1696 16046
-367 1717 16054
-425 1709 16005
-333 1729 16053
-432 1675 16020
-356 1699 16049
-392 1686 16029
-355 1689 16052
-405 1691 16028
-377 1688 16046
-394 1678 16002
-359 1693 16039
-402 1675 16001
-382 1691 16039
-409 1677 16039
-380 1697 16029
-407 1674 16008
-347 1680 16060
-433 1691 16031
-340 1708 16063
-479 1668 16052
-331 1713 16073
-417 1690 16048
-370 1721 16019
-406 1699 15999
-380 1721 16041
-420 1710 16049
-369 1729 16051
-409 1708 16035
-393 1725 16054
-413 1704 16035
-370 1726 16040
-405 1699 16034
-371 1731 16076
-415 1704 16048
-345 1738 16063
-413 1716 16054
-352 1737 16060
-392 1705 16059
-349 1729 16056
-405 1713 16041
-351 1735 16090
-407 1713 16060
-357 1730 16072
-423 1694 16047
-360 1744 16057
-425 1717 16019
-354 1741 16075
-437 1708 16071
-347 1727 16042
-404 1720 16016
-401 1726 16054
-422 1706 16039
-387 1717 16039
-440 1696 16024
-354 1730 16048
-410 1712 16037
-372 1702 16036
-398 1692 15997
-376 1712 16041
-398 1684 16028
-369 1705 16049
-415 1678 16009
-343 1701 16071
-416 1675 16002
-358 1702 16029
-391 1672 16038
-378 1686 16030
-397 1680 16019
-379 1687 16041
-418 1669 16020
-362 1698 16042
-408 1694 16021
-351 1702 16062
-411 1687 16019
-360 1705 16037
-413 1686 16014
-353 1711 16048
-390 1709 16042
-368 1723 16049
-401 1709 16023
-371 1733 16073
-395 1722 16040
-378 1732 16049
-395 1730 16018
-379 1728 16050
-371 1733 16056
-339 1741 16060
-403 1719 16031
-358 1735 16067
-402 1730 16048
-378 1736 16066
-387 1717 16054
-367 1732 16060
-393 1720 16047
-384 1713 16074
-380 1695 16053
-363 1724 16069
-393 1718 16059
-362 1717 16063
-409 1709 16055
-354 1725 16054
-412 1695 16046
-329 1709 16054
-394 1704 16034
-375 1713 16041
-389 1695 16053
-342 1707 16054
-383 1689 16039
-357 1725 16051
-393 1699 16026
-370 1700 16040
-385 1694 16018
-365 1707 16042
-397 1694 16024
-391 1716 16037
-420 1686 16005
-359 1705 16032
-405 1688 16009
-364 1689 16051
-405 1685 16005
-366 1699 16038
-413 1683 16029
-360 1693 16042
-395 1672 16017
-390 1680 16022
-412 1705 16018
-388 1687 16040
-390 1685 16040
-383 1703 16045
-414 1677 16024
-355 1698 16053
-429 1687 16030
-362 1718 16064
-438 1692 16046
-356 1707 16070
-433 1702 16040
-371 1720 16073
-421 1711 16040
-360 1740 16054
-395 1692 16037
-426 1724 16077
-369 1733 16048
-406 1724 16094
-483 1702 16024
-292 1763 16088
-467 1710 16042
-359 1747 16048
-403 1725 16080
-375 1731 16065
-437 1733 16054
-369 1746 16084
-423 1705 16040
-363 1756 16085
-401 1714 16037
-380 1717 16067
-406 1710 16051
-375 1709 16048
-410 1699 16042
-329 1734 16070
-414 1688 16026
-344 1719 16043
-419 1687 16029
-330 1714 16065
-424 1695 16011
-355 1706 16055
-391 1692 16022
-344 1703 16056
-405 1694 16023
-359 1682 16049
-401 1683 16035
-361 1686 16042
-399 1677 16007
-329 1696 16061
-386 1686 16033
-346 1710 16055
-396 1682 16025
-340 1704 16045
-400 1683 16000
-336 1705 16042
-396 1681 16023
-347 1721 16040
-404 1684 16032
-360 1699 16025
-366 1692 16028
-387 1702 16053
-376 1698 16038
-321 1717 16064
-398 1693 16017
-344 1716 16062
-397 1695 16021
-338 1712 16049
-392 1694 16038
-331 1728 16057
-394 1718 16053
-359 1725 16075
-403 1711 16049
-358 1724 16071
-394 1714 16051
-382 1722 16072
-402 1733 16043
-355 1736 16078
-394 1706 16050
-327 1739 16057
-406 1720 16046
-358 1734 16061
-414 1721 16057
-356 1730 16070
-406 1697 16039
-378 1713 16026
-431 1704 16021
-382 1720 16060
-419 1689 16035
-388 1719 16054
-414 1703 16020
-363 1712 16043
-422 1683 16020
-371 1724 16051
-412 1688 16029
-364 1690 16052
-414 1678 16033
-362 1696 16045
-415 1677 16030
-381 1692 16064
-416 1683 16024
-399 1691 16059
-430 1674 16025
-391 1697 16053
-411 1694 16032
-349 1697 16061
-433 1678 16027
-337 1705 16048
-432 1676 16047
-347 1718 16044
-407 1691 16010
-377 1720 16032
-397 1703 16027
-408 1713 16048
-388 1707 16042
-383 1711 16054
-401 1713 16041
-391 1724 16055
-388 1696 16037
-387 1723 16047
-417 1708 16029
-357 1721 16053
-389 1703 16036
-347 1726 16073
-394 1696 16035
-352 1719 16060
-417 1700 16019
-350 1723 16072
-414 1701 16040
-341 1719 16072
-402 1695 16049
-356 1725 16053
-406 1713 16028
-353 1734 16063
-413 1701 16050
-325 1721 16075
-402 1682 16040
-332 1716 16071
-412 1708 16033
-356 1726 16061
-389 1704 16029
-357 1713 16039
-423 1702 16024
-357 1733 16076
-390 1698 16041
