-1126 1798 15993
-1340 1798 16030
-1163 1755 15961
-1111 1758 15964
-1240 1804 16031
-1096 1737 15957
-1189 1761 15977
-1160 1771 16011
-1183 1768 15970
-1122 1769 15962
-1221 1780 16012
-1127 1750 15999
-1207 1763 15974
-1142 1752 15977
-1198 1787 15963
-1124 1763 15976
-1219 1768 15985
-1280 1786 16023
-1219 1769 15973
-1205 1791 15996
-1196 1745 16001
-1177 1752 15992
-1214 1769 15987
-1221 1795 15985
-1194 1758 15989
-1227 1823 15993
-1165 1768 15968
-1303 1800 16023
-1223 1785 15989
-1287 1828 16017
-1213 1777 15971
-1263 1804 16010
-1222 1782 15999
-1250 1813 16018
-1186 1760 15975
-1238 1809 16004
-1209 1769 15973
-1153 1758 15980
-1208 1797 16003
-1166 1771 15993
-1199 1775 15981
-1185 1763 15911
-1213 1786 16062
-1216 1778 15966
-1187 1777 15989
-1223 1785 15984
-1211 1779 15997
-1224 1778 16006
-1200 1786 15994
-1163 1758 15976
-1173 1778 15998
-1191 1777 15998
-1196 1761 15991
-1202 1782 15974
-1196 1785 15985
-1219 1778 15986
-1199 1769 15982
-1247 1769 16047
-1299 1782 16070
-1041 1770 15878
-1060 1767 15960
-1257 1777 16053
-1111 1746 15947
-1148 1784 15944
-1245 1791 16061
-1121 1727 15945
-1188 1747 15983
-1213 1811 16006
-1117 1790 15979
-1212 1773 15975
-1189 1736 15992
-1117 1741 15986
-1174 1804 16004
-1172 1801 15996
-1172 1755 15987
-1191 1765 16006
-1178 1755 15982
-1163 1772 15971
-1182 1796 16001
-1183 1781 15976
-1160 1748 15995
-1361 1848 15943
-1219 1767 15959
-1177 1801 15937
-1202 1775 16001
-1181 1764 15985
-1170 1740 15987
-1203 1785 15990
-1158 1781 15982
-1192 1793 15970
-1186 1756 16014
-1175 1762 15964
-1204 1759 15980
-1181 1788 15983
-1146 1787 15984
-1186 1781 15981
-1168 1751 15999
-1192 1749 15972
-1155 1781 15987
-1189 1785 15966
-1172 1778 15987
-1180 1776 15995
-1184 1766 16000
-1189 1780 15972
-1175 1783 16010
-1175 1798 15973
-1176 1762 16007
-1191 1761 15995
-1183 1771 16015
-1171 1789 15967
-1179 1779 15991
-1180 1781 15997
-1177 1772 15983
-1208 1775 15997
-1188 1798 15986
-1191 1779 16002
-1200 1756 16002
-1188 1772 15992
-1184 1775 15986
-1191 1781 15967
-1173 1773 15989
-1206 1781 15968
-1174 1776 15984
-1191 1790 15984
-1177 1763 15966
-1180 1772 15974
-1200 1767 15991
-1189 1790 15986
-1165 1774 15972
-1168 1780 15997
-1170 1770 16016
-1220 1778 15978
-1180 1763 15983
-1196 1785 15989
-1170 1767 15995
-1180 1778 15983
-1162 1769 15979
-1206 1786 15983
-1175 1765 16008
-1209 1780 15973
-1160 1782 16002
-1205 1790 15979
-1170 1764 15995
-1186 1782 15980
-1170 1778 15986
-1183 1789 16010
-1119 1761 16019
-1138 1776 15993
-1174 1774 16003
-1189 1762 16005
-1154 1783 16009
-1196 1787 15988
-1183 1779 15988
-1175 1778 15972
-1173 1778 15989
-1200 1800 15976
-1196 1767 15988
-1193 1764 15992
-1159 1775 15983
-1192 1775 15976
-1171 1755 15993
-1178 1771 16015
-1177 1775 15963
-1204 1775 15983
-1160 1776 16000
-1188 1771 15978
-1187 1775 15999
-1204 1788 15980
-1165 1776 15970
-1168 1800 15997
-1186 1748 15950
-1174 1779 15970
-1191 1778 15998
-1186 1782 15987
-1190 1770 15976
-1197 1779 15991
-1184 1796 15997
-1143 1771 15974
-1200 1787 15989
-1170 1772 15978
-1174 1773 15981
-1198 1798 15985
-1177 1782 15975
-1170 1787 15955
-1172 1779 15994
-1181 1778 15980
-1178 1775 15995
-1196 1804 15992
-1189 1770 16003
-1166 1788 15984
-1179 1783 15986
-1199 1774 15997
-1186 1760 15985
-1200 1781 15982
-1154 1777 15966
-1168 1757 15977
-1160 1763 15990
-1183 1778 15983
-1170 1796 15971
-1166 1772 15967
-1181 1766 16022
-1157 1772 15977
-1158 1791 15977
-1181 1818 15992
-1148 1786 15975
-1176 1765 16013
-1164 1770 15966
-1156 1764 15974
-1202 1780 15971
-1125 1774 15988
-1119 1750 15995
-1198 1761 16003
-1118 1775 15946
-1196 1798 15976
-1199 1786 16015
-1153 1774 15973
-1230 1777 16004
-1156 1777 15991
-1215 1808 15974
-1193 1798 15994
-1132 1789 15981
-1252 1770 16041
-1206 1766 16002
-1131 1777 15954
-1247 1808 16005
-1175 1790 15970
-1165 1755 16008
-1213 1797 15997
-1186 1781 15995
-1194 1799 15976
-1174 1786 15999
-1210 1784 15992
-1187 1771 15985
-1196 1783 15957
-1219 1772 16015
-1174 1801 15970
-1203 1787 16017
-1184 1777 15981
-1183 1755 15973
-1229 1796 16017
-1181 1778 15987
-1148 1756 15977
-1243 1816 15991
-1191 1772 15978
-1183 1771 15981
-1202 1806 15970
-1193 1795 15991
-1187 1804 15981
-1211 1779 15996
-1183 1792 15981
-1179 1793 16005
-1207 1799 15988
-1183 1795 15990
-1181 1782 15958
-1185 1776 15999
-1219 1789 15974
-1172 1780 15968
-1202 1791 16003
-1202 1777 15980
-1165 1789 15972
-1185 1779 16010
-1180 1807 15992
-1203 1782 16004
-1210 1791 15980
-1201 1772 15972
-1152 1795 15984
-1182 1780 15998
-1197 1779 15988
-1180 1781 15973
-1218 1796 15997
-1176 1780 15984
-1181 1788 15984
-1222 1787 15986
-1198 1782 16000
-1253 1801 15957
-1194 1786 15991
-1183 1770 15991
-1175 1770 15965
-1191 1788 16014
-1174 1813 15975
-1183 1791 15966
-1192 1784 15987
-1184 1784 15988
-1206 1793 16010
-1211 1789 15974
-1183 1776 15996
-1184 1799 16009
-1192 1787 15979
-1186 1787 15979
-1214 1779 15995
-1171 1775 15985
-1197 1787 15972
-1208 1788 15992
-1190 1798 15980
-1175 1783 15993
-1199 1799 15993
-1173 1790 15964
-1240 1788 16015
-1177 1785 15999
-1189 1798 15992
-1185 1790 15996
-1185 1781 15995
-1193 1794 15978
-1219 1803 16002
-1198 1784 15990
-1107 1746 15980
-1207 1800 15973
-1193 1783 15975
-1182 1775 15995
-1224 1795 16000
-1184 1786 15970
-1188 1787 15988
-1185 1783 15973
-1183 1792 15999
-1191 1783 15996
-1188 1779 16014
-1213 1785 16007
-1188 1794 15981
-1185 1784 15992
-1207 1786 16002
-1194 1787 15998
-1186 1791 15992
-1189 1792 15992
-1192 1784 15990
-1208 1784 15997
-1203 1799 16004
-1204 1790 15996
-1210 1784 15992
-1183 1796 16002
-1202 1787 16011
-1185 1790 16012
-1208 1806 15995
-1196 1789 16003
-1191 1798 15982
-1209 1784 15970
-1177 1794 15981
-1188 1798 15971
-1142 1731 15984
-1055 1743 15983
-1168 1777 16006
-1180 1759 15990
-1180 1797 16006
-1175 1787 15990
-1192 1790 15991
-1198 1773 15989
-1192 1804 15990
-1194 1793 16003
-1198 1804 16012
-1191 1782 16004
-1184 1788 16001
-1183 1779 16010
-1219 1787 15962
-1185 1796 15993
-1182 1798 15979
-1195 1784 15992
-1173 1782 15976
-1176 1782 15976
-1204 1810 15995
-1159 1790 15984
-1188 1797 15977
-1192 1788 15995
-1166 1804 15966
-1183 1779 15967
-1193 1807 16004
-1172 1782 15977
-1210 1785 15993
-1191 1773 16014
-1190 1803 15980
-1195 1789 15980
-1182 1792 15989
-1183 1779 15985
-1193 1802 16010
-1185 1788 15977
-1196 1800 15983
-1203 1782 15993
-1206 1779 15992
-1176 1778 15976
-1188 1788 15981
-1187 1782 15970
-1207 1797 15975
-1207 1791 15980
-1202 1793 16007
-1197 1783 15969
-1194 1799 15983
-1189 1781 15992
-1169 1787 15978
-1186 1788 15988
-1196 1815 15971
-1197 1788 15976
-1209 1782 16009
-1187 1763 15991
-1197 1789 15995
-1196 1822 15998
-1197 1818 15998
-1177 1776 15998
-1194 1764 15981
-1214 1793 15979
-1201 1811 15964
-1169 1804 15995
-1207 1798 15994
-1204 1759 15999
-1225 1803 15973
-1282 1842 15981
-1175 1806 15980
-1168 1763 15993
-1195 1758 15984
-1190 1764 15985
-1173 1822 15968
-1201 1831 15970
-1175 1793 15971
-1176 1776 15985
-1219 1788 16010
-1191 1795 15965
-1195 1812 15985
-1166 1788 15988
-1193 1773 15985
-1199 1794 16001
-1167 1801 15978
-1212 1809 15994
-1189 1796 15976
-1191 1781 15983
-1207 1784 15978
-1190 1785 15995
-1203 1797 15989
-1184 1784 15996
-1164 1785 15977
-1230 1778 15982
-1186 1778 15999
-1184 1781 15979
-1167 1792 15977
-1202 1810 16007
-1214 1780 15988
-1150 1788 15955
-1173 1790 16000
-1185 1781 15997
-1150 1779 15974
-1202 1805 16015
-1187 1802 15976
-1186 1782 15987
-1211 1786 16017
-1182 1812 15977
-1191 1806 15978
-1200 1796 15986
-1242 1782 16027
-1188 1797 15956
-1108 1794 15978
-1257 1822 16042
-1231 1784 15996
-1098 1754 15948
-1258 1808 16003
-1178 1794 15972
-1151 1801 15953
-1242 1841 16008
-1176 1783 15958
-1188 1745 15987
-1227 1787 16002
-1163 1803 15977
-1184 1821 15981
-1211 1783 15974
-1211 1768 15991
-1203 1797 16011
-1196 1810 15946
-1172 1815 15985
-1202 1816 15988
-1206 1766 15993
-1149 1756 15998
-1194 1807 15966
-1161 1815 15978
-1162 1785 15991
-1191 1770 15981
-1212 1764 15987
-1208 1798 15991
-1124 1802 15956
-1193 1829 15991
-1263 1809 16022
-1141 1730 15982
-1197 1777 15989
-1227 1817 16001
-1147 1812 15985
-1180 1816 15990
-1234 1793 16011
-1164 1746 15986
-1203 1751 15969
-1229 1821 16000
-1148 1822 15983
-1212 1814 15990
-1206 1769 15998
-1188 1783 15983
-1178 1798 15981
-1219 1792 16012
-1185 1782 15983
-1185 1785 15994
-1193 1787 15992
-1181 1782 15994
-1190 1796 15987
-1158 1824 15966
-1143 1819 15981
-1213 1781 15972
-1211 1740 15999
-1174 1787 16016
-1173 1838 15967
-1185 1825 15976
-1192 1782 16018
-1190 1761 15964
-1172 1779 15978
-1202 1772 16025
-1187 1825 15954
-1183 1862 15963
-1223 1804 15991
-1097 1699 15984
-1206 1757 15992
-1174 1838 15980
-1144 1826 15975
-1240 1771 16009
-1176 1764 15969
-1189 1820 15987
-1191 1833 15986
-1192 1804 15959
-1160 1799 15993
-1187 1776 16001
-1163 1778 15969
-1267 1840 16002
-1178 1807 15977
-1144 1814 15952
-1206 1780 16004
-1176 1783 15997
-1157 1812 15986
-1211 1831 15988
-1173 1793 15982
-1145 1721 15998
-1289 1827 15996
-1172 1787 15982
-1188 1792 15954
-1216 1791 16026
-1199 1799 15993
-1170 1777 15984
-1229 1796 15988
-1186 1799 15988
-1160 1804 15957
-1225 1802 15995
-1194 1795 15973
-1186 1808 15985
-1180 1796 16002
-1174 1799 15998
-1196 1789 15996
-1177 1802 15983
-1190 1805 15964
-1190 1805 15972
-1204 1795 16001
-1183 1798 15971
-1191 1780 15986
-1202 1796 15980
-1182 1796 16006
-1202 1810 15990
-1195 1780 15939
-1182 1794 16009
-1242 1794 15976
-1181 1798 15974
-1155 1822 15969
-1238 1826 16003
-1180 1786 15944
-1149 1772 16009
-1216 1783 16006
-1175 1776 15980
-1182 1803 15975
-1193 1820 15993
-1178 1788 15971
-1231 1796 15966
-1202 1813 15975
-1185 1822 15984
-1210 1801 16004
-1200 1796 15987
-1193 1818 15961
-1190 1803 16000
-1177 1781 15999
-1172 1807 16005
-1181 1805 15971
-1211 1808 15979
-1189 1793 15988
-1221 1811 15976
-1176 1790 16006
-1184 1801 15972
-1185 1776 16015
-1184 1802 16002
-1187 1819 15965
-1216 1791 16015
-1230 1768 15978
-1144 1808 15962
-1203 1843 15985
-1222 1806 16025
-1140 1765 15952
-1229 1823 15990
-1194 1802 16003
-1198 1788 15984
-1270 1863 15967
-1189 1818 15983
-1205 1767 15969
-1218 1780 16012
-1171 1818 15991
-1160 1809 15948
-1210 1797 15999
-1223 1801 15995
-1154 1802 15989
-1253 1805 16002
-1133 1761 15952
-1156 1824 15975
-1254 1847 16010
-1121 1794 15965
-1186 1792 15964
-1246 1804 16019
-1136 1816 16001
-1184 1840 15960
-1227 1845 15992
-1128 1775 15980
-1207 1746 15995
-1208 1801 15979
-1147 1826 15987
-1204 1871 16001
-1159 1795 15996
-1214 1773 15994
-1177 1780 16010
-1184 1816 15985
-1182 1843 15984
-1163 1831 16027
-1191 1748 15952
-1185 1722 15981
-1199 1824 15993
-1189 1860 15971
-1165 1818 15971
-1203 1766 15984
-1187 1771 15963
-1209 1786 15990
-1212 1827 15968
-1212 1816 16004
-1163 1817 15981
-1191 1770 16012
-1199 1786 15983
-1209 1833 15972
-1171 1823 15973
-1201 1809 15999

