-305 827 16191
-301 837 16167
-248 821 16204
-300 822 16219
-343 856 16203
-960 1181 15680
-2092 1524 15228
-2384 1642 15147
-1803 1612 15903
-915 1558 17895
1280 1219 16337
3056 1427 16019
3587 1335 16402
3489 1305 16190
2490 930 16700
-25 645 16581
-343 277 16230
-523 504 16183
-544 702 16247
-280 590 15956
19 685 16012
25 466 16346
-105 448 16397
-354 401 16521
-631 412 16578
-783 553 16484
-912 621 16426
-944 827 16307
-985 969 16265
-1055 1008 16220
-1128 1114 16183
-1153 1068 16245
-1028 1067 16218
-817 1070 16219
-520 1072 16195
-280 1064 16168
-76 986 16145
12 917 16128
-29 796 16159
-132 688 16128
-257 559 16136
-345 494 16156
-402 411 16124
-450 402 16098
-563 355 16147
-706 357 16145
-882 401 16168
-1083 456 16240
-1214 530 16178
-1320 637 16181
-1423 769 16186
-1489 874 16116
-1540 941 16124
-1597 979 16181
-1613 986 16190
-1595 1008 16195
-1539 981 16242
-1437 933 16203
-1316 891 16186
-1189 820 16250
-1055 782 16224
-968 690 16229
-940 627 16235
-908 581 16219
-884 550 16175
-820 513 16147
-769 493 16113
-700 477 16101
-615 490 16062
-529 517 16022
-459 602 16011
-389 638 15979
-332 711 15920
-272 716 15882
-199 782 15857
-139 808 15826
-61 832 15806
17 826 15823
91 799 15837
182 803 15821
255 748 15847
327 746 15829
375 705 15813
403 656 15836
405 610 15853
388 536 15839
357 509 15858
300 518 15834
243 505 15836
199 502 15825
157 542 15802
117 576 15799
92 617 15776
68 642 15765
38 679 15738
9 737 15708
-30 754 15691
-49 776 15675
-69 805 15647
-74 766 15670
-38 791 15680
-13 753 15738
24 696 15741
49 663 15791
52 622 15859
48 628 15874
-6 620 15911
-76 630 15941
-113 629 15963
-78 619 16063
177 549 16230
284 583 16173
55 625 16441
-163 690 16346
-323 747 16017
-509 735 16163
-505 726 16319
-515 765 16246
-554 785 16119
-532 803 16127
-381 758 16278
-205 734 15802
-135 732 16506
-101 727 16470
-42 709 16436
-9 667 16557
28 699 16572
79 697 16549
57 707 16507
41 696 16529
19 702 16557
-19 726 16562
-57 733 16505
-88 758 16519
-90 728 16560
-97 765 16519
-134 751 16529
-181 732 16562
-191 757 16569
-202 736 16620
-232 722 16625
-269 737 16613
-277 736 16664
-288 719 16648
-317 755 16614
-362 739 16690
-367 712 16700
-399 756 16635
-453 785 16665
-459 825 16666
-475 825 16564
-537 854 16519
-554 829 16557
-566 802 16536
-611 804 16513
-649 773 16515
-658 769 16492
-678 771 16492
-715 773 16455
-736 799 16391
-798 796 16381
-813 785 16352
-840 782 16276
-849 767 16268
-853 757 16250
-843 778 16177
-866 755 16146
-865 774 16095
-871 785 16063
-863 804 16025
-877 826 15910
-863 859 15876
-815 885 15813
-786 889 15724
-745 916 15659
-699 902 15620
-625 946 15575
-566 908 15539
-523 917 15507
-457 890 15466
-393 924 15489
-317 872 15440
-277 875 15406
-182 903 15438
-93 848 15417
-51 895 15382
10 845 15393
80 900 15389
146 911 15390
178 943 15367
220 953 15370
230 692 15336
201 681 15328
242 763 15561
302 729 15613
279 848 15501
211 843 15488
260 898 15535
303 903 15476
280 931 15553
284 941 15582
307 985 15580
349 982 15602
344 999 15559
334 1017 15624
345 1014 15710
355 1029 15721
311 970 15739
258 971 15776
254 918 15833
241 879 15894
209 854 15931
147 830 16028
95 815 16103
29 792 16123
-87 794 16232
-169 796 16282
-247 794 16327
-325 768 16390
-407 761 16454
-487 810 16480
-521 865 16554
-546 864 16597
-593 979 16605
-621 926 16671
-621 1042 16674
-579 1030 16686
-588 1052 16693
-567 1088 16680
-557 1081 16756
-495 1114 16722
-497 1099 16644
-474 1107 16729
-381 1036 15602
-388 1067 16767
-369 994 16689
-322 906 16730
-345 918 16767
-343 873 16744
-381 861 16699
-434 861 16742
-442 830 16692
-495 858 16682
-498 853 16698
-517 806 16692
-625 627 16609
-748 825 16570
-652 765 16782
-602 870 16652
-660 973 16555
-639 1008 16558
-474 1103 16470
-388 1092 16377
-363 1156 16366
-263 1116 16291
-184 1101 16174
-120 1054 16150
-71 1001 16092
-33 1001 16052
15 904 16032
26 863 15937
-23 802 15905
-50 739 15917
-51 702 15830
-94 706 15815
-123 687 15795
-179 728 15710
-193 792 15690
-208 757 15658
-252 834 15599
-268 814 15639
-282 892 15617
-289 900 15555
-339 941 15539
-349 967 15524
-326 968 15459
-345 1002 15453
-313 992 15474
-298 982 15449
-296 952 15388
-298 947 15440
-252 925 15435
-260 906 15446
-271 909 15454
-238 851 15489
-263 845 15449
-267 829 15474
-272 824 15511
-265 835 15554
-273 834 15549
-298 825 15564
-296 856 15598
-283 863 15661
-291 901 15714
-293 934 15728
-295 935 15770
-273 973 15804
-258 980 15851
-225 1025 15916
-194 1035 15929
-186 1037 15982
-193 1036 15952
-273 1029 16050
-331 946 16147
-396 949 16074
-352 942 15905
-274 918 15787
-132 897 15869
94 849 16170
363 844 16485
504 851 16735
499 857 16887
375 874 16838
220 899 16717
90 904 16598
-5 923 16503
-101 919 16475
-111 950 16483
-145 1013 16506
-300 1030 16559
-845 1092 16663
-1086 1071 16546
-1459 1253 15125
-1314 1301 14243
-1037 1159 14609
-884 1103 15401
-923 1144 15561
-656 1184 15603
-213 1048 15790
-79 992 16053
-86 912 16563
125 796 17297
1040 520 18994
2435 252 20899
2567 806 18583
1361 1279 15571
1044 940 16238
-14 995 15898
-1498 956 16260
-1499 839 16494
-799 832 15837
-787 852 15953
-681 1051 16113
-228 1093 15969
-36 1084 15888
-256 1077 15871
-527 1033 16503
-627 949 15839
-559 933 15778
-519 947 15760
-458 968 15692
-324 972 15710
-315 925 15682
-465 877 15680
-570 815 15693
-562 803 15675
-508 809 15656
-441 825 15604
-394 836 15609
-409 832 15611
-454 830 15587
-538 810 15614
-605 810 15629
-608 812 15609
-569 863 15603
-498 1042 15577
-400 1039 15595
-365 972 15479
-369 951 15575
-309 892 15664
-252 825 15661
-252 791 15682
-299 761 15712
-331 742 15739
-353 675 15765
-428 686 15813
-520 665 15842
-595 642 15902
-630 712 15904
-629 756 15959
-590 792 15923
-561 861 15946
-511 926 16020
-460 910 16004
-450 994 16027
-463 985 16081
-454 955 16023
-436 1006 16075
-399 979 16130
-308 976 16073
-262 959 16100
-222 917 16145
-192 852 16146
-161 800 16204
-176 811 16247
-183 804 16269
-222 802 16254
-259 804 16296
-330 752 16306
-390 762 16371
-429 731 16377
-460 778 16363
-469 753 16395
-515 757 16388
-512 772 16409
-527 755 16404
-526 740 16416
-554 740 16397
-585 743 16400
-589 765 16379
-598 756 16362
-591 774 16333
-585 745 16324
-535 742 16316
-488 724 16314
-452 727 16265
-438 699 16267
-425 664 16262
-392 603 16223
-381 609 16201
-374 856 16203
-359 814 16138
-376 866 15998
-350 860 16056
-282 808 16056
-196 794 15984
-190 691 15996
-215 718 16006
-218 693 15974
-284 616 15969
-341 624 15934
-438 598 15948
-540 544 15945
-567 617 15925
-620 589 15963
-633 628 15907
-647 646 15934
-633 676 15951
-632 716 15939
-627 739 15911
-631 781 15918
-628 777 15892
-607 820 15894
-595 777 15859
-553 845 15855
-504 769 15903
-445 782 15868
-381 776 15889
-338 752 15874
-285 811 15906
-245 775 15893
-246 775 15885
-217 783 15907
-195 764 15926
-163 705 15958
-163 689 15973
-154 665 16005
-167 616 16012
-209 598 16006
-254 576 16080
-311 556 16112
-372 519 16164
-443 559 16237
-497 553 16243
-572 580 16247
-605 600 16254
-625 641 16293
-616 681 16276
-623 708 16280
-608 740 16284
-582 759 16298
-554 775 16292
-520 791 16292
-444 810 16302
-378 793 16301
-334 779 16273
-276 745 16281
-259 716 16282
-251 678 16293
-259 660 16292
-274 631 16269
-292 617 16301
-311 597 16287
-357 598 16286
-386 597 16299
-445 617 16289
-488 658 16279
-525 658 16283
-562 699 16252
-576 715 16253
-605 735 16247
-608 778 16229
-631 795 16211
-627 826 16181
-621 827 16190
-597 831 16168
-558 816 16154
-500 819 16133
-425 815 16102
-367 789 16072
-318 780 16061
-252 760 16038
-231 760 16017
-187 712 15995
-135 698 15972
-32 670 15968
153 685 15984
624 682 16053
922 714 15914
597 785 16072
106 911 15964
-123 932 15596
-157 852 15706
-160 845 15761
-116 810 15872
-47 864 15581
117 847 15572
369 812 15766
628 803 15832
611 793 15860
538 767 15882
484 743 15829
457 734 15977
427 720 16010
254 770 15830
135 760 15810
72 774 15835
0 784 15818
-119 810 15814
-190 841 15798
-204 835 15813
-197 842 15809
-190 864 15843
-181 875 15890
-169 877 15890
-195 852 15931
-236 852 15972
-265 842 16003
-297 826 16012
-313 827 16010
-329 828 16059
-338 765 16114
-380 790 16099
-426 767 16151
-468 750 16223
-486 747 16213
-538 760 16220
-568 753 16274
-587 732 16291
-616 825 16302
-611 861 16332
-622 869 16279
-664 849 16306
-660 862 16340
-622 854 16359
-609 817 16357
-630 805 16369
-599 811 16361
-575 798 16367
-564 776 16372
-572 754 16359
-578 731 16364
-545 743 16395
-522 705 16376
-509 696 16351
-488 718 16356
-452 699 16359
-438 695 16293
-440 693 16301
-423 678 16328
-395 729 16304
-386 741 16274
-372 758 16204
-326 765 16186
-284 843 16203
-220 856 16177
-161 876 16157
-55 856 16086
-44 896 16114
12 800 16125
46 863 16041
53 816 16051
77 796 16041
65 787 16050
61 710 16047
58 777 16011
69 751 16021
81 750 16029
35 745 15976
28 769 16032
76 785 16030
60 818 16005
37 805 16010
-42 566 15967
-122 649 16020
-94 654 16141
-121 598 16075
-230 750 16012
-255 687 16027
-209 792 16066
-140 784 15982
-165 802 16021
-96 851 16032
-2 852 16027
32 879 16019
54 852 16025
71 877 16035
133 873 16052
149 859 16084
146 822 16050
107 776 16068
99 719 16097
89 670 16151
50 661 16170
22 693 16185
16 662 16230
1 651 16262
-27 618 16327
-114 633 16348
-158 622 16361
-216 607 16392
-285 615 16411
-380 572 16457
-441 638 16515
-429 658 16499
-444 735 16547
-434 759 16504
-424 803 16520
-370 863 16544
-283 933 16554
-193 963 16545
-151 998 16522
-91 1042 16560
22 1019 16482
41 1048 16491
66 1014 16550
128 998 16496
141 951 16489
142 896 16478
149 847 16497
122 801 16486
78 742 16509
32 749 16508
-12 738 16528
-92 731 16545
-143 748 16557
-176 756 16547
-244 604 16580
-414 617 16523
-481 738 16672
-432 772 16565
-491 855 16526
-521 956 16517
-435 984 16478
-309 1071 16439
-238 1131 16345
-162 1161 16338
-48 1139 16284
-8 1117 16265
59 1089 16214
95 1022 16171
108 979 16106
113 892 16101
100 828 16057
50 769 16049
19 714 16020
8 684 16002
-64 632 15980
-134 647 16022
-168 676 16006
-183 735 15979
-207 805 15970
-246 834 15902
-270 915 15905
-307 942 15900
-322 974 15849
-385 1016 15847
-361 999 15870
-391 1043 15796
-381 1081 15856
-370 1037 15783
-384 1031 15784
-388 1050 15813
-327 974 16517
-358 968 15772
-375 939 15804
-394 889 15784
-419 834 15802
-436 846 15813
-486 857 15804
-501 856 15868
-482 905 15864
-487 861 15844
-518 904 15876
-473 933 15881
-459 938 15912
-452 1008 15886
-447 1028 15919
-394 1071 15935
-354 1093 15940
-324 1082 15963
-287 1085 15953
-283 1084 15991
-255 1063 16018
-293 1017 15966
-494 975 16165
-437 897 16205
-199 877 16021
-102 931 15994
21 998 15989
112 997 15968
147 983 16018
62 958 16047
-150 943 16175
-344 920 16246
-372 931 16186
-342 920 16175
-314 921 16182
-250 967 16177
-244 1020 16202
-265 1001 16147
-678 1017 16324
-816 885 16531
-431 882 16200
-241 966 16155
-92 1096 16119
96 1208 15985
179 1195 15907
147 1217 15897
156 1155 15977
111 1078 16022
27 1052 15982
-59 1014 16008
-122 1002 15998
-128 963 16009
-150 929 16002
-188 962 16013
-266 936 16020
-344 947 15991
-419 937 16017
-485 941 15963
-507 969 15990
-495 988 15952
-516 987 15958
-534 1020 15948
-529 1030 15908
-531 1026 15893
-566 1007 15902
-521 1026 15887
-477 1013 15880
-414 1009 15838
-371 1018 15837
-361 1008 15829
-353 980 15830
-341 965 15803
-328 943 15796
-365 953 15787
-359 913 15798
-361 902 15767
-334 895 15803
-342 862 15782
-340 863 15770
-359 833 15826
-384 837 15788
-398 838 15802
-437 850 15824
-429 836 15805
-450 889 15811
-422 1072 15855
-378 982 15842
-366 992 15747
-390 948 15903
-308 901 15924
-302 854 15887
-342 767 15933
-446 794 15945
-485 713 16011
-521 726 16005
-559 703 16020
-622 678 16040
-654 690 16057
-632 713 16087
-626 770 16090
-627 785 16088
-652 837 16062
-630 904 16133
-591 899 16108
-581 939 16085
-556 987 16111
-531 973 16104
-466 950 16111
-417 930 16110
-375 921 16145
-318 893 16096
-324 882 16129
-332 849 16129
-341 812 16180
-314 811 16164
-330 784 16204
-359 732 16196
-419 714 16190
-437 693 16242
-497 710 16210
-570 730 16238
-604 716 16229
-634 740 16231
-614 728 16239
-630 725 16242
-613 695 16192
-602 714 16231
-568 716 16212
-569 723 16180
-546 713 16204
-532 701 16163
-501 696 16129
-472 698 16119
-428 685 16133
-380 657 16088
-338 645 16068
-296 605 16089
-278 563 16042
-261 708 16012
-221 882 16067
-195 736 15913
-227 785 15871
-204 773 16005
-107 695 15966
-33 734 15896
-80 598 15940
-154 607 15944
-215 609 15977
-227 553 15954
-334 543 15942
-411 510 15977
-503 551 15994
-502 513 16006
-522 565 15990
-542 600 15998
-551 648 16017
-533 679 16008
-542 690 16008
-519 727 16017
-517 745 16030
-473 764 15990
-427 776 16003
-396 749 15993
-357 787 15999
-300 711 16016
-264 758 15999
-216 700 16024
-218 682 16021
-192 721 16002
-177 688 16051
-128 687 16068
-89 705 16065
-74 694 16096
-75 625 16077
-100 684 16112
-122 589 16145
-161 620 16130
-181 546 16147
-233 532 16203
-288 522 16257
-326 501 16235
-377 521 16287
-413 527 16308
-460 547 16292
-483 573 16309
-516 600 16327
-545 625 16344
-528 652 16319
-492 670 16324
-458 702 16325
-443 706 16334
-422 718 16329
-384 738 16291
-371 742 16280
-331 716 16258
-295 717 16277
-248 716 16278
-212 677 16229
-213 666 16237
-218 632 16241
-237 638 16252
-253 606 16260
-293 593 16236
-365 600 16265
-415 608 16237
-461 640 16231
-498 658 16243
-543 671 16234
-593 706 16237
-622 733 16239
-629 756 16217
-647 776 16208
-647 785 16214
-645 796 16175
-636 782 16158
-623 800 16142
-595 789 16152
-578 767 16136
-554 768 16111
-525 756 16090
-497 725 16078
-446 732 16040
-395 726 16057
-351 681 16049
-291 672 16035
-180 669 16258
57 698 16056
462 689 15985
507 794 16189
112 884 15894
-245 840 15797
-246 752 15949
-260 775 15963
-242 761 15966
-178 814 15769
33 740 15846
268 730 15978
378 728 16016
352 711 15984
224 713 15977
133 675 16057
41 685 16049
-94 709 15959
-196 682 15944
-238 702 15957
-221 698 15994
-261 721 15978
-313 739 15985
-340 743 15991
-339 751 15992
-313 749 16000
-322 767 16026
-311 763 16068
-312 772 16074
-332 757 16087
-344 740 16092
-356 740 16086
-363 721 16131
-368 699 16147
-390 711 16156
-397 681 16196
-427 681 16190
-455 680 16205
-489 667 16232
-513 661 16222
-547 679 16275
-549 653 16289
-561 631 16312
-579 675 16325
-593 685 16344
-581 767 16352
-554 775 16325
-543 762 16339
-534 753 16302
-502 684 16353
-471 707 16397
-469 690 16358
-477 689 16364
-467 671 16325
-468 643 16355
-451 654 16357
-431 618 16339
-405 631 16343
-379 610 16343
-346 612 16318
-335 586 16309
-317 601 16333
-322 615 16332
-290 596 16325
-261 617 16321
-265 629 16289
-216 686 16281
-182 685 16271
-141 748 16257
-105 735 16202
-73 737 16219
0 769 16185
18 763 16166
36 770 16150
75 766 16106
110 743 16116
128 755 16111
131 688 16110
104 723 16106
110 716 16084
96 686 16055
99 693 16052
100 715 16050
124 745 16052
111 744 16030
98 791 16024
107 811 16028
103 757 16017
33 553 15976
-67 682 16079
-30 616 16056
-92 603 16076
-168 707 16009
-206 669 16039
-164 751 16036
-134 705 15986
-152 780 16063
-101 805 16028
-26 827 16027
-7 816 16012
18 859 16009
35 864 16047
83 900 16025
97 867 15999
96 818 15992
83 811 15993
79 759 16023
92 757 16018
77 675 16024
16 676 16065
16 652 16076
-32 656 16119
-82 646 16135
-120 655 16148
-153 634 16194
-214 696 16181
-228 676 16187
-274 722 16230
-329 728 16219
-363 772 16271
-338 826 16258
-328 886 16235
-272 884 16277
-214 941 16250
-155 991 16237
-81 1017 16237
-47 1070 16205
13 1081 16224
94 1076 16204
147 1055 16195
155 1008 16184
187 1006 16184
211 945 16173
196 933 16159
148 871 16217
147 864 16195
102 830 16197
58 803 16246
20 819 16225
-17 808 16267
-51 814 16284
-111 643 16252
-281 783 16297
-301 806 16420
-242 872 16244
-299 935 16336
-294 1027 16271
-189 1104 16253
-78 1148 16217
-2 1204 16215
52 1230 16208
151 1213 16156
217 1215 16141
263 1135 16096
266 1109 16055
263 1041 16082
288 970 16029
240 899 16041
206 860 16016
166 814 16011
120 730 16000
60 741 16038
36 803 16055
59 814 16046
25 853 16027
-20 859 16005
-78 919 16034
-89 993 16019
-108 995 16003
-181 1035 16002
-213 1045 15996
-216 1084 15990
-198 1100 15960
-209 1088 15947
-219 1092 15933
-214 1076 15945
-230 1078 15930
-234 1034 15925
-265 1020 15935
-245 1004 15898
-259 981 15945
-264 967 15919
-313 924 15936
-329 934 15928
-326 911 15937
-361 925 15949
-356 925 15947
-359 931 15952
-349 951 15949
-336 981 15957
-340 1020 15994
-306 1024 15985
-322 1047 16007
-290 1061 15998
-254 1045 15994
-247 1042 16012
-246 1024 16009
-240 1000 16030
-235 1029 16018
-260 1037 16079
-234 1034 16059
-347 997 16139
-562 891 16342
-280 799 16277
-27 886 15969
-24 987 16044
109 1035 15891
238 1005 15914
265 983 15920
157 961 15960
-159 929 16154
-468 891 16256
-392 855 16189
-376 833 16201
-395 883 16219
-349 960 16270
-426 937 16260
-918 835 16641
-574 690 16729
-35 882 16008
-131 1048 16161
25 1256 15862
199 1200 15862
60 1122 16021
65 1163 15998
122 1042 16040
58 998 16083
-62 948 16127
-102 868 16121
-145 867 16164
-202 865 16147
-290 863 16134
-359 876 16147
-427 878 16172
-500 882 16165
-561 907 16171
-564 931 16180
-529 924 16150
-539 950 16129
-540 963 16155
-507 948 16110
-502 963 16129
-462 941 16112
-448 926 16097
-442 908 16117
-393 894 16072
-370 907 16079
-355 896 16082
-337 890 16050
-344 853 16085
-327 827 16057
-321 827 16037
-298 776 16062
-291 778 16018
-306 775 16056
-296 752 16048
-326 787 16044
-349 762 16033
-375 791 16053
-370 773 16057
-365 776 16044
-366 913 16039
-314 1022 16078
-255 894 15959
-265 911 15968
-223 854 16100
-184 810 16038
-205 775 16037
-285 701 16051
-348 690 16059
-384 649 16110
-422 618 16085
-470 602 16097
-532 604 16145
-534 664 16140
-528 696 16135
-512 732 16115
-541 828 16135
-483 802 16086
-480 903 16112
-430 938 16111
-416 938 16068
-377 963 16058
-351 979 16084
-292 984 16062
-227 942 16034
-205 917 16039
-200 870 16056
-187 852 16066
-173 808 16060
-166 781 16073
-194 800 16065
-217 772 16103
-282 786 16077
-306 747 16068
-329 744 16089
-385 741 16117
-422 778 16094
-444 762 16092
-494 756 16092
-496 771 16130
-498 747 16145
-486 780 16108
-528 723 16103
-559 783 16121
-591 757 16120
-569 769 16115
-526 770 16084
-508 757 16061
-453 771 16058
-428 737 16048
-382 725 16028
-359 661 15991
-360 654 16031
-352 642 16018
-347 624 16019
-355 866 15996
-332 929 15999
-325 902 15828
-284 925 15903
-224 879 15941
-105 802 15890
-55 832 15878
-87 770 15904
-179 745 15915
-266 694 15904
-334 676 15939
-419 650 15933
-501 578 15927
-562 648 15995
-605 620 15983
-623 645 15939
-637 711 15997
-646 730 15969
-667 797 15985
-640 755 15987
-653 831 16005
-654 845 16019
-620 851 15980
-612 871 16000
-584 887 15984
-530 854 15952
-457 868 15980
-374 827 15979
-306 863 15931
-245 876 15963
-166 828 15977
-104 839 15953
-70 795 15971
-56 796 15955
-57 739 15968
-80 738 15989
-111 691 16018
-139 640 16016
-166 637 16054
-190 589 16087
-228 594 16063
-274 595 16115
-343 577 16159
-375 614 16165
-428 589 16172
-470 634 16177
-501 652 16198
-490 680 16197
-480 721 16180
-477 756 16202
-458 788 16207
-417 823 16185
-370 823 16174
-330 814 16167
-271 817 16164
-207 790 16145
-168 768 16160
-131 737 16144
-121 707 16159
-105 679 16152
-109 638 16149
-147 633 16150
-166 614 16172
-206 607 16150
-246 621 16169
-298 607 16204
-334 638 16198
-372 635 16240
-403 680 16236
-461 720 16239
-509 734 16233
-522 753 16233
-530 760 16246
-545 790 16242
-533 777 16241
-525 773 16252
-493 759 16252
-477 758 16227
-440 748 16233
-405 725 16226
-382 713 16211
-345 672 16231
-301 685 16195
-249 664 16203
-192 626 16173
-96 626 16178
72 630 16194
469 667 16213
775 674 16124
502 723 16281
52 783 16225
-197 824 15925
-175 746 16066
-107 730 16087
-136 730 16155
-60 733 16014
103 756 15900
316 709 16084
544 700 16128
582 681 16120
531 659 16118
420 628 16165
317 635 16176
166 644 16118
5 660 16073
-71 651 16028
-109 666 16037
-135 685 16052
-177 699 16090
-194 704 16082
-213 731 16067
-182 716 16083
-192 745 16099
-194 729 16107
-213 745 16110
-210 728 16112
-224 718 16118
-234 713 16116
-233 685 16124
-248 706 16134
-246 681 16145
-291 666 16155
-319 660 16157
-356 639 16184
-372 650 16198
-402 649 16198
-438 646 16201
-467 656 16225
-464 678 16255
-486 655 16238
-521 708 16257
-514 756 16267
-515 724 16278
-541 728 16291
-537 750 16292
-497 705 16247
-503 691 16287
-499 688 16284
-496 705 16269
-487 667 16267
-456 728 16250
-459 633 16276
-425 690 16262
-400 641 16260
-384 680 16280
-345 659 16264
-335 637 16279
-310 653 16265
-326 613 16259
-316 659 16248
-293 679 16209
-279 716 16235
-237 731 16219
-221 747 16225
-166 807 16230
-103 803 16177
-75 804 16176
-44 837 16128
-6 827 16151
21 830 16103
33 884 16105
24 793 16092
40 856 16074
51 800 16092
49 779 16060
21 808 16064
12 759 16061
27 770 16029
0 773 16010
-19 803 16046
-8 836 16032
-21 855 16024
-32 894 16026
-83 701 16009
-177 629 16013
-217 758 16085
-222 641 16022
-295 753 16046
-347 813 15990
-313 837 16068
-260 857 15966
-244 881 16013
-184 901 16036
-114 918 15966
-85 904 15993
-58 923 15945
-65 904 15961
-29 900 15967
-20 900 15923
-34 847 15957
-30 804 15945
-56 772 15933
-90 753 15976
-94 718 15962
-124 679 15995
-167 678 16012
-208 660 16032
-254 677 16031
-293 705 16080
-324 708 16081
-359 685 16055
-441 738 16110
-450 696 16111
-492 718 16121
-514 805 16120
-516 827 16129
-491 844 16170
-448 871 16109
-424 942 16115
-333 949 16140
-270 964 16133
-212 1004 16121
-171 1048 16153
-88 1025 16114
-52 1032 16088
-36 986 16135
11 960 16082
12 946 16090
6 938 16119
22 877 16097
1 875 16111
-33 828 16178
-56 839 16138
-130 805 16169
-159 800 16201
-214 804 16210
-254 800 16256
-252 803 16261
-342 595 16212
-481 798 16333
-455 755 16362
-413 887 16209
-466 904 16301
-436 974 16241
-317 1056 16250
-185 1064 16194
-129 1134 16213
-54 1119 16181
47 1134 16154
121 1078 16131
134 1036 16108
147 996 16086
148 912 16060
141 865 16067
110 783 16049
48 760 16035
-1 709 16043
-30 702 16027
-63 691 16080
-105 757 16079
-141 726 16070
-213 831 16045
-246 858 16103
-243 926 16025
-286 936 16063
-344 962 16023
-358 971 16047
-360 980 16031
-368 999 16041
-359 993 16002
-356 994 15989
-351 956 15982
-372 926 15986
-376 927 15977
-397 889 15964
-403 882 15967
-405 867 15964
-409 847 15982
-402 839 15944
-446 817 15995
-439 825 15980
-442 812 16002
-459 837 16021
-438 860 16005
-436 833 16021
-460 880 16017
-436 900 16027
-413 916 16004
-383 952 16042
-363 965 16020
-330 983 16044
-275 953 16012
-270 964 16017
-251 963 16057
-189 900 16009
-272 945 16087
-316 903 16071
-420 831 16190
-311 770 16240
-81 807 16002
-38 886 16021
32 934 15943
94 918 15952
116 872 15987
9 872 16021
-183 841 16149
-295 828 16180
-272 798 16154
-251 797 16172
-261 835 16162
-260 883 16237
-271 874 16202
-706 810 16502
-672 626 16769
-84 716 16170
-197 907 16179
-35 1131 16008
87 1149 15867
82 1116 15988
90 1160 15958
192 1078 16010
127 984 16059
14 982 16063
-26 922 16135
-119 897 16102
-155 900 16175
-204 869 16176
-241 872 16172
-303 877 16184
-355 884 16180
-407 884 16187
-456 897 16190
-493 916 16180
-498 936 16192
-492 941 16173
-499 987 16182
-482 982 16179
-469 1012 16152
-440 1005 16135
-396 977 16117
-363 985 16111
-344 970 16114
-325 974 16060
-306 951 16093
-285 949 16068
-291 921 16081
-274 888 16082
-270 909 16038
-249 879 16058
-220 863 16021
-247 874 16023
-259 836 16034
-264 827 16019
-252 848 16017
-275 852 15998
-287 863 15998
-287 866 15987
-303 875 15986
-281 1048 15965
-213 1097 16012
-166 991 15847
-204 1012 15966
-135 929 16003
-109 884 15897
-120 836 15973
-205 776 15956
-273 747 16182
-321 720 15987
-364 695 16010
-437 711 16049
-486 732 15995
-480 808 16019
-528 854 16014
-505 873 15994
-488 982 16044
-433 932 16039
-401 1024 15965
-388 1042 16016
-356 1028 15973
-329 1029 15936
-309 1017 15968
-243 1020 15930
-221 992 15947
-188 950 15969
-197 923 15937
-182 833 15993
-169 847 16029
-186 844 15986
-257 804 16051
-319 812 15989
-361 777 16034
-397 804 16038
-416 774 16040
-437 808 16044
-471 788 16073
-484 808 16058
-489 792 16122
-518 813 16112
-519 789 16114
-564 765 16104
-542 798 16130
-555 778 16137
-527 799 16109
-518 797 16092
-482 766 16093
-427 783 16092
-403 750 16114
-344 737 16092
-315 697 16083
-302 672 16061
-291 647 16047
-289 679 16082
-263 918 16100
-256 854 16034
-269 877 15952
-230 901 16040
-130 832 16029
-49 854 15998
-40 739 15993
-104 742 16021
-124 743 16063
-180 665 16024
-274 628 16033
-365 649 16063
-449 631 16112
-459 622 16077
-504 680 16070
-552 625 16107
-551 734 16119
-537 707 16126
-512 735 16116
-508 759 16124
-501 791 16135
-515 820 16108
-495 836 16105
-473 852 16088
-440 833 16091
-388 843 16072
-336 824 16058
-315 832 16082
-258 802 16070
-190 797 16021
-144 809 16069
-93 797 16048
-33 787 16013
-26 772 16029
-23 731 16049
-30 735 16061
-32 656 16030
-42 652 16073
-94 620 16085
-110 615 16121
-137 576 16107
-190 548 16116
-257 563 16171
-315 565 16176
-342 560 16155
-401 579 16176
-438 623 16206
-463 655 16186
-473 690 16200
-451 703 16196
-430 737 16199
-410 766 16204
-373 778 16186
-351 786 16163
-309 792 16179
-266 803 16146
-222 788 16132
-168 760 16130
-151 743 16136
-139 705 16139
-162 663 16120
-165 655 16140
-197 638 16162
-235 650 16147
-293 634 16176
-342 633 16209
-378 634 16061
-434 660 16193
-473 673 16218
-533 736 16242
-564 753 16236
-617 771 16260
-676 802 16254
-678 816 16252
-674 822 16230
-670 834 16243
-653 824 16248
-622 833 16252
-581 823 16234
-544 796 16227
-503 779 16195
-447 748 16191
-416 751 16194
-383 704 16201
-335 685 16188
-246 688 16175
-86 690 16187
301 714 16207
656 730 16123
377 800 16240
-97 848 16278
-337 906 15914
-312 828 16015
-246 800 16091
-240 798 16146
-209 834 15990
-82 844 15904
72 816 16058
275 795 16098
287 790 16080
227 771 16089
155 723 16107
88 717 16120
6 728 16103
-109 731 16033
-186 743 15982
-220 747 16000
-245 744 16008
-319 762 16018
-355 785 16038
-348 796 16024
-336 825 15989
-318 825 15988
-304 833 16037
-297 821 16019
-309 836 16040
-299 822 16061
-314 822 16045
-343 806 16056
-332 789 16059
-344 796 16053
-360 763 16083
-374 785 16097
-406 758 16099
-439 768 16119
-482 753 16101
-497 777 16140
-506 717 16167
-532 764 16161
-532 793 16170
-524 796 16173
-556 861 16123
-566 795 16170
-567 863 16185
-544 786 16193
-552 844 16193
-545 837 16156
-531 805 16207
-497 869 16185
-483 750 16192
-509 813 16196
-451 807 16203
-441 764 16219
-417 798 16165
-417 776 16194
-380 784 16223
-351 748 16197
-320 756 16177
-318 748 16211
-304 747 16176
-310 796 16182
-273 782 16173
-260 820 16179
-217 851 16177
-171 875 16160
-130 886 16125
-118 905 16106
-77 929 16100
-30 952 16085
4 952 16055
4 945 16063
27 959 16060
53 936 16049
58 913 16012
47 970 16049
47 910 15999
34 915 16016
31 910 15992
39 940 16009
30 919 15980
5 944 15995
18 943 15998
3 980 15977
-5 997 15969
-50 804 15934
-141 811 15963
-178 861 15986
-187 771 15976
-262 887 16177
-329 858 15967
-306 921 15912
-249 989 15962
-253 1010 15932
-209 1016 15913
-95 1044 15940
-67 1016 15914
-73 1030 15888
-48 1046 15878
-7 1062 15850
9 1013 15868
-6 984 15859
-9 907 15842
-38 865 15873
-57 833 15854
-93 799 15870
-151 778 15895
-186 733 15911
-248 765 15935
-259 809 15971
-273 801 15957
-342 780 15962
-422 758 16019
-447 744 16025
-481 770 16044
-549 831 16073
-576 888 16079
-573 921 16108
-518 941 16085
-482 993 16072
-413 1037 16093
-322 1082 16090
-241 1088 16029
-219 1130 16054
-137 1135 16038
-51 1122 15998
-12 1104 16047
28 1061 16026
42 1045 16028
36 973 16051
39 968 16017
14 920 16033
-2 865 16043
-41 869 16075
-95 808 16104
-101 833 16117
-170 816 16114
-211 817 16175
-244 709 16176
-381 634 16134
-485 818 16312
-423 807 16222
-437 876 16234
-464 997 16250
-399 1031 16229
-262 1117 16219
-178 1125 16193
-96 1199 16184
15 1161 16108
84 1157 16112
144 1127 16111
170 1069 16068
200 1025 16054
191 934 16046
183 853 16004
146 773 16035
118 715 16008
80 676 16008
34 657 16059
-8 638 16037
-61 645 16094
-76 745 16084
-77 787 16077
-105 795 16044
-149 839 16073
-167 890 16074
-199 935 16039
-240 953 16049
-263 965 16028
-279 1001 16038
-258 1000 16032
-230 1005 15996
-224 968 15993
-225 949 16000
-227 943 16001
-209 907 16005
-240 889 15999
-249 810 16005
-267 800 16003
-289 784 16009
-329 765 16044
-316 754 15993
-355 715 16060
-371 771 16045
-328 769 16070
-340 785 16056
-340 824 16080
-312 824 16064
-275 859 16077
-253 876 16056
-252 890 16078
-224 898 16088
-221 918 16111
-178 939 16077
-141 925 16125
-118 930 16079
-162 917 16191
-273 881 16192
-568 660 16630
-159 577 16392
63 768 15974
51 868 16032
265 973 15981
379 853 15954
439 908 15916
555 806 16114
279 834 16279
-373 738 16347
-224 702 16304
-268 699 16326
-277 760 16379
-204 826 16411
-215 802 16395
-630 747 16640
-580 583 16876
-70 683 16276
-70 930 16211
-5 1090 16115
361 1157 15888
328 1048 16108
246 1090 16093
322 990 16167
279 934 16185
183 886 16212
81 849 16249
42 825 16217
-68 783 16249
-86 800 16278
-112 812 16263
-188 813 16290
-261 816 16297
-327 818 16284
-410 826 16300
-448 865 16277
-451 883 16259
-429 902 16244
-430 924 16256
-425 938 16252
-406 930 16228
-387 922 16209
-390 923 16216
-372 926 16215
-336 911 16178
-293 898 16159
-292 876 16172
-266 887 16121
-261 868 16125
-254 876 16106
-266 878 16128
-254 826 16105
-229 839 16086
-236 821 16084
-228 823 16086
-241 807 16064
-261 799 16084
-271 795 16084
-283 794 16066
-314 817 16067
-347 862 16086
-312 1042 16073
-258 976 16069
-252 955 15950
-250 920 16058
-181 892 16033
-180 838 16043
-224 796 16028
-281 765 16050
-335 728 16096
-388 711 16082
-416 691 16075
-476 688 16101
-516 687 16093
-545 787 16088
-535 742 16081
-546 827 16058
-515 836 16092
-495 884 16102
-452 965 16071
-445 938 16063
-441 1001 16069
-409 1003 16025
-354 1006 16024
-311 973 16036
-279 981 16003
-256 966 16057
-200 929 16015
-204 921 16019
-198 866 16087
-211 879 16031
-228 855 16040
-264 839 16072
-299 811 16055
-323 741 16088
-357 735 16061
-430 733 16094
-467 756 16090
-538 732 16086
-581 747 16125
-609 752 16150
-617 760 16157
-613 738 16130
-662 769 16138
-650 813 16144
-623 803 16128
-583 831 16095
-563 826 16087
-526 817 16106
-466 810 16108
-412 802 16085
-369 788 16061
-331 739 16054
-299 708 16031
-295 634 16059
-298 719 16036
-248 976 15938
-239 853 15877
-240 829 15978
-218 778 15983
-109 772 15960
-79 715 15959
-213 732 16000
-253 620 15929
-331 636 15999
-414 557 16011
-505 586 15986
-580 656 16013
-601 624 15998
-634 690 15999
-645 725 16042
-622 761 16005
-606 793 16015
-567 784 16044
-556 859 16032
-531 895 16015
-516 877 15961
-488 883 15950
-459 863 15945
-397 885 15975
-334 819 15917
-313 824 15945
-272 776 15976
-220 758 15916
-171 801 15914
-143 774 15927
-108 777 15891
-75 778 15900
-83 766 15909
-88 741 15930
-97 733 15929
-115 688 15921
-138 683 15939
-175 615 15952
-196 641 15982
-230 613 15984
-269 621 16011
-308 609 16024
-349 600 16030
-394 611 16052
-436 617 16072
-440 637 16079
-446 653 16045
-438 705 16057
-431 708 16070
-410 720 16074
-377 723 16081
-369 742 16040
-333 776 16075
-301 741 16062
-256 719 16058
-226 731 16069
-199 685 16055
-192 667 16053
-190 647 16047
-195 646 16088
-222 649 16085
-239 600 16072
-267 589 16054
-298 589 16119
-327 602 16119
-365 598 16123
-418 609 16161
-478 638 16167
-523 656 16171
-550 685 16146
-578 685 16170
-608 707 16182
-622 700 16189
-627 718 16207
-621 705 16214
-621 695 16212
-607 692 16220
-594 689 16210
-569 680 16198
-543 672 16196
-513 646 16206
-479 629 16187
-427 637 16181
-374 598 16174
-336 612 16175
-237 596 16186
-19 612 16204
357 609 16170
426 655 16140
108 683 16310
-183 767 16084
-316 738 16024
-237 651 16163
-212 676 16085
-149 640 16189
-81 685 16008
126 653 16054
296 642 16173
419 634 16185
371 617 16143
232 621 16170
131 582 16211
27 602 16157
-55 601 16113
-146 602 16099
-170 626 16099
-179 627 16098
-194 641 16058
-219 634 16084
-238 646 16110
-204 642 16118
-198 645 16134
-183 665 16161
-178 644 16147
-198 661 16170
-193 624 16160
-194 627 16179
-224 619 16188
-203 607 16185
-227 558 16197
-264 620 16216
-269 559 16228
-290 606 16239
-320 561 16244
-364 578 16253
-383 598 16256
-400 558 16282
-401 580 16261
-446 600 16295
-434 637 16333
-431 708 16293
-431 719 16309
-427 732 16301
-390 723 16313
-342 688 16263
-321 722 16288
-283 683 16312
-299 689 16312
-311 634 16288
-309 659 16303
-303 629 16327
-301 610 16317
-297 636 16327
-303 619 16295
-291 606 16301
-280 566 16312
-236 581 16317
-260 607 16324
-243 615 16310
-241 649 16303
-214 664 16284
-209 708 16282
-156 753 16289
-114 782 16269
-90 808 16255
-57 823 16254
4 828 16229
39 859 16217
70 834 16175
85 861 16167
121 818 16155
150 840 16147
162 800 16117
138 777 16130
130 817 16096
123 772 16122
100 743 16108
64 774 16072
45 800 16100
47 826 16089
44 823 16069
5 893 16055
-11 794 16053
-91 594 15999
-202 781 16130
-186 739 16051
-236 700 16034
-334 832 16014
-361 770 16051
-312 874 16031
-276 840 15986
-296 918 16030
-244 902 15963
-201 934 15980
-150 948 15980
-139 923 15979
-153 929 15969
-124 937 15960
-115 910 15922
-138 857 15928
-148 860 15940
-168 805 15916
-187 782 15922
-202 756 15946
-245 712 15959
-274 718 15984
-287 727 15953
-339 704 15976
-385 726 15991
-404 695 15976
-491 724 16023
-508 761 16036
-537 742 16046
-577 789 16052
-602 784 16059
-601 834 16096
-558 872 16076
-526 946 16077
-490 960 16084
-427 981 16054
-382 1024 16066
-292 1055 16051
-234 1027 16027
-215 1065 16033
-156 1040 16058
-76 1012 16011
-57 983 16005
-65 959 16012
-55 942 16036
-49 929 16022
-63 886 16042
-55 866 16027
-107 827 16048
-108 861 15922
-126 853 16116
-157 841 16161
-162 691 16106
-210 724 16122
-374 805 16282
-348 840 16142
-380 891 16215
-404 1002 16177
-304 1037 16187
-172 1077 16155
-104 1108 16130
-52 1158 16125
46 1148 16057
118 1165 16053
150 1090 16053
159 1047 16016
172 985 16034
165 945 16017
160 893 15998
128 815 15985
104 785 15965
62 755 16020
59 713 15988
-6 717 16024
-32 754 16015
-61 792 16046
-54 883 16031
-72 897 16008
-97 972 16054
-84 983 15996
-129 1001 16005
-176 1011 16020
-177 1013 16007
-204 1059 15999
-195 1003 15983
-225 1003 15973
-235 996 15993
-237 994 15958
-235 973 16008
-252 922 15962
-307 924 16001
-309 907 16013
-298 846 15982
-360 856 16022
-388 857 16000
-383 854 16004
-383 870 16012
-397 867 16002
-389 881 16004
-370 896 16034
-359 904 16038
-375 925 16053
-362 941 16034
-345 969 16039
-320 987 16044
-285 1019 16029
-248 997 16039
-232 1034 16019
-194 993 16035
-227 1024 16054
-343 980 16139
-615 805 16377
-349 667 16421
-54 821 15922
-108 953 16075
82 1037 15812
223 970 15873
227 957 15914
296 974 15868
104 895 16005
-329 903 16171
-507 829 16249
-372 791 16177
-410 799 16207
-407 823 16233
-304 890 16210
-347 920 16258
-486 902 16335
-857 785 16614
-681 657 16676
-298 810 16114
-314 985 16178
-82 1166 15907
213 1228 15817
172 1162 15963
120 1158 15951
166 1054 16039
90 992 16042
-25 972 16088
-82 902 16143
-135 881 16112
-206 864 16166
-235 866 16151
-280 880 16150
-342 881 16185
-386 911 16166
-456 885 16183
-521 919 16182
-528 929 16177
-545 940 16174
-534 945 16190
-536 947 16198
-546 965 16182
-552 967 16187
-545 971 16181
-521 970 16178
-482 958 16164
-438 966 16145
-385 938 16145
-343 939 16135
-328 943 16138
-298 929 16114
-301 893 16125
-314 887 16109
-276 835 16064
-238 845 16097
-264 859 16111
-238 841 16094
-238 822 16095
-247 812 16114
-244 810 16103
-256 789 16125
-271 893 16099
-246 1064 16140
-191 927 16074
-199 965 16024
-190 906 16147
-149 843 16110
-122 813 16122
-196 769 16141
-265 750 16147
-310 703 16178
-317 706 16164
-369 672 16204
-437 666 16226
-456 712 16233
-437 766 16219
-436 757 16212
-439 836 16188
-405 898 16203
-358 870 16189
-317 984 16176
-302 966 16195
-274 951 16153
-239 964 16150
-205 967 16181
-142 966 16146
-93 947 16120
-86 896 16177
-101 853 16189
-71 813 16159
-76 792 16193
-95 817 16136
-135 797 16199
-174 803 16176
-178 767 16177
-208 766 16198
-258 764 16208
-294 765 16234
-303 781 16208
-339 761 16200
-363 771 16221
-407 749 16255
-379 744 16233
-407 706 16214
-434 717 16245
-449 713 16256
-425 718 16228
-403 718 16203
-383 719 16189
-359 732 16203
-316 730 16181
-266 724 16160
-240 701 16150
-211 670 16142
-185 641 16134
-177 609 16147
-182 751 16108
-144 896 16121
-135 799 15971
-132 860 16018
-72 876 16078
46 774 16024
72 776 15972
34 688 16021
-18 710 16051
-36 622 16010
-116 618 16002
-222 614 16044
-304 549 16044
-366 608 16078
-402 613 16046
-444 631 16030
-457 689 16051
-445 676 16044
-440 705 16049
-417 744 16072
-419 790 16077
-418 780 16017
-427 811 16015
-420 858 16000
-374 795 15991
-336 837 15976
-274 825 15964
-250 812 15987
-190 791 15958
-140 788 15941
-91 784 15971
-24 790 15943
29 787 15942
47 773 15930
60 758 15904
52 707 15965
54 705 15951
42 682 15918
4 680 15952
-27 614 16004
-35 593 15997
-73 568 16004
-91 566 16031
-149 570 16039
-187 548 16038
-239 565 16060
-262 580 16111
-301 622 16094
-348 653 16110
-325 695 16098
-330 723 16094
-302 766 16081
-275 771 16088
-207 785 16106
-159 791 16070
-127 783 16084
-75 754 16057
-63 716 16056
-53 712 16053
-44 660 16053
-51 672 16063
-78 644 16084
-109 651 16090
-121 627 16084
-173 633 16107
-208 636 16106
-231 641 16157
-281 651 16155
-329 683 16157
-367 685 16151
-405 722 16172
-463 740 16194
-493 764 16185
-507 792 16193
-522 795 16206
-506 801 16176
-483 780 16177
-454 792 16185
-433 775 16186
-412 755 16170
-378 746 16159
-354 722 16177
-328 729 16153
-313 728 16161
-281 683 16144
-193 687 16120
-62 666 16128
177 696 16146
585 697 16140
607 751 16100
206 796 16257
-118 868 16043
-155 805 15954
-75 767 16038
-115 783 16120
-72 767 16075
-2 806 15869
196 753 15976
419 750 16066
515 731 16092
466 725 16017
309 719 16033
238 687 16091
167 691 16039
48 708 15954
-46 693 15958
-100 715 15951
-107 707 15947
-153 726 15935
-193 738 15978
-213 716 15976
-194 745 15955
-191 773 16009
-167 760 16024
-195 778 16008
-204 777 16023
-198 740 16033
-222 757 16013
-243 747 16053
-261 732 16048
-262 758 16030
-266 709 16024
-288 712 16055
-291 673 16063
-333 669 16084
-373 680 16100
-420 652 16118
-434 673 16127
-451 678 16140
-458 684 16153
-491 709 16173
-486 767 16205
-467 785 16190
-500 740 16184
-511 780 16195
-473 776 16229
-437 742 16193
-473 750 16210
-425 768 16248
-421 695 16228
-451 702 16226
-450 672 16241
-440 671 16257
-435 661 16258

