1186 476 16354
1181 478 16358
1179 475 16386
1166 470 16089
907 466 16609
-365 351 16952
-1283 778 17077
-1322 1030 16718
-148 1117 15691
2969 1053 16312
4176 1430 15555
4608 1547 15403
3343 1520 16345
2359 1364 16843
2116 1211 16859
1867 568 16342
1284 -160 16036
781 -488 16230
716 -398 16365
801 -127 16536
696 -59 16593
470 -160 16530
433 -294 16447
558 -326 16212
558 -313 16144
538 -196 16164
568 11 16214
542 184 16274
324 315 16287
74 368 16380
269 445 16319
576 446 16247
1050 469 16239
1534 550 16235
1910 617 16366
2102 694 16496
2113 699 16586
2092 566 16587
2020 377 16533
1968 173 16456
1921 16 16408
1864 -59 16372
1813 -112 16454
1725 -106 16505
2030 -55 16545
3863 157 16420
4098 -61 15669
2247 -332 17044
572 414 16988
-480 945 16514
-1673 943 16989
-1317 703 16510
-533 309 16044
-106 -50 15994
123 68 16064
370 521 16518
794 864 16830
888 816 16742
973 530 16538
1007 167 16233
870 5 15965
716 -37 15914
532 54 15948
615 160 15989
698 171 15921
765 135 15805
862 84 15686
1061 127 15551
1253 181 15509
1332 285 15499
1439 406 15508
1481 481 15483
1504 523 15414
1542 478 15317
1590 410 15200
1642 409 15168
1725 390 15145
1712 407 15159
1696 443 15196
1679 441 15175
1633 441 15191
1601 391 15170
1610 353 15154
1621 377 15169
1618 264 15201
1508 288 15218
1407 391 15342
1355 416 15317
1198 389 15347
1072 375 15343
1126 433 15332
1243 531 15263
1207 574 15355
1152 655 15437
1192 775 15545
1237 784 15586
1191 801 15597
1168 766 15672
1193 762 15645
1202 744 15716
1135 701 15733
1105 681 15803
1083 648 15840
1055 631 15924
1007 569 15929
916 575 16037
913 576 16048
887 579 16117
856 592 16170
842 612 16215
849 632 16268
816 647 16279
807 675 16303
907 721 16302
977 752 16303
1054 783 15201
1147 831 16393
1258 861 16387
1396 880 16378
1541 884 16397
1660 888 16377
1751 870 16431
1292 700 16629
1025 520 17072
2046 777 16460
2063 572 16266
2304 676 16070
2907 764 15834
3120 837 16023
3342 887 15890
3165 738 15970
2298 615 16273
1426 607 16465
1143 717 16483
376 453 16558
-292 248 16791
664 459 16648
1364 620 15965
1578 677 15949
2088 1033 15887
2611 1290 15871
2393 1287 15970
1824 1075 16118
1470 905 16278
1462 776 16164
1471 639 15997
1278 504 15987
1185 418 16040
1235 471 16061
1172 520 16065
986 511 16067
840 449 16069
761 429 16004
719 436 15903
619 444 15869
540 449 15877
491 500 15893
460 546 15867
421 541 15842
395 489 15786
365 449 15797
447 436 15812
495 380 15744
497 295 15793
482 463 15788
562 549 15859
626 416 15761
520 340 15780
537 280 15890
627 258 15846
715 227 15774
722 146 15790
731 105 15788
749 57 15780
748 57 15766
640 76 15776
590 59 15879
599 65 15817
596 95 15843
608 156 15886
661 158 15860
690 224 15901
709 249 15925
724 282 15966
763 289 15974
781 240 15978
846 238 16005
876 224 16049
941 246 16083
954 193 16132
963 170 16152
961 146 16194
977 114 16235
983 84 16215
926 40 16259
908 15 16268
868 -9 16244
837 -9 16286
794 -2 16270
805 33 16289
805 28 16283
821 51 16261
905 43 16318
1238 143 16255
1781 185 16247
1746 156 16130
1122 111 16395
614 299 16379
332 397 16373
-54 322 16453
-86 242 16347
256 185 16212
797 138 16131
1519 110 16152
2152 152 16224
2935 282 16255
3777 309 16160
3899 121 16165
3014 -99 16297
1899 -111 16541
848 -13 16448
-279 12 16043
-444 -73 15835
-49 -217 15747
278 -368 15675
559 -293 15815
830 -6 16064
1029 312 16244
937 424 16290
826 399 16105
821 138 15955
846 60 15861
844 52 15862
905 117 15970
965 178 16002
865 154 15992
790 79 15993
778 13 15956
816 -25 15914
810 -27 15941
808 0 15938
773 64 15969
733 148 15972
702 220 15943
654 86 15943
550 -107 15829
448 4 15917
618 81 15915
591 164 15890
538 213 15959
650 276 15874
813 373 15926
874 370 15990
911 435 15945
1048 439 15996
1145 461 15980
1213 505 15994
1252 446 16026
1309 401 16009
1346 340 15988
1360 294 15971
1426 268 15955
1467 193 15941
1472 203 16005
1558 232 16072
1607 248 16080
1602 275 16086
1627 279 16119
1653 331 16090
1663 342 16083
1649 352 16081
1654 371 16101
1693 417 16150
1743 496 16143
1798 532 16179
1813 549 16205
1865 592 16245
1907 616 16284
1944 641 16313
1948 601 16350
1912 595 16375
1856 558 16456
1744 516 16438
1273 402 16638
1144 351 16821
1693 442 16557
1722 350 16428
1829 408 16320
2165 504 16246
2201 556 16345
1902 474 16442
1440 409 16618
976 378 16705
661 409 16745
416 374 16687
-212 153 16809
-722 50 17217
300 380 16958
659 462 16487
786 559 16547
1421 889 16204
1859 996 16237
1622 980 16312
1339 863 16516
1375 810 16556
1373 660 16420
1275 503 16353
1102 386 16317
1138 341 16341
1231 382 16320
1173 361 16308
1075 374 16323
1055 379 16287
1042 380 16215
935 357 16182
896 351 16124
878 392 16093
883 467 16056
877 491 16009
860 490 15987
882 505 15959
955 500 15916
1015 459 15889
1053 420 15857
1069 348 15864
1135 443 15828
1235 626 15853
1284 484 15792
1198 411 15765
1124 360 15888
1165 291 15873
1193 277 15797
1176 172 15763
1121 95 15729
1049 50 15703
1009 88 15749
901 128 15746
772 110 15776
706 178 15773
696 192 15762
697 243 15740
706 260 15808
731 316 15841
765 375 15840
788 403 15868
791 389 15912
847 381 15948
902 353 15963
941 306 15976
959 312 16011
1007 278 16061
1026 266 16066
1028 218 16091
995 179 16098
998 132 16086
971 106 16083
938 108 16101
928 85 16122
935 103 16087
948 126 16088
967 149 16107
1063 154 16074
1166 236 16075
1432 280 16105
1797 335 16010
1601 313 16053
1131 333 16245
853 485 16193
627 512 16228
388 446 16245
559 408 16196
1040 392 16082
1504 371 16025
1929 367 16094
2322 436 16196
2939 493 16211
3898 553 16107
4337 334 15952
3528 56 16153
2470 87 16397
1474 258 16367
93 340 16187
-130 291 15964
327 128 15777
606 -107 15673
880 -107 15756
1269 208 15991
1525 569 16255
1450 768 16411
1297 770 16371
1260 600 16191
1272 417 16022
1297 319 15921
1372 327 15937
1446 377 16013
1471 418 16109
1329 458 16150
1289 427 16159
1224 355 16101
1253 292 16082
1240 215 16047
1239 239 16068
1236 328 16123
1153 428 16169
1082 481 16158
1019 407 16122
958 158 16052
782 264 16077
930 338 16134
973 432 16069
874 505 16140
927 580 16098
1082 723 16108
1144 755 16150
1200 757 16141
1260 739 16166
1401 764 16146
1467 774 16157
1446 739 16154
1432 665 16158
1438 603 16122
1454 551 16110
1444 521 16059
1464 460 16070
1469 441 16040
1494 489 16094
1551 510 16078
1492 553 16086
1496 581 16081
1512 578 16045
1507 581 16015
1504 610 16014
1568 663 16006
1599 700 15970
1624 770 16011
1717 827 16012
1779 852 16034
1815 905 16054
1910 932 16077
1968 906 16071
1941 878 16089
1919 881 16129
1900 837 16138
1768 770 16178
1667 743 16167
1550 675 16291
1802 717 16124
1905 673 16043
1938 696 15971
2024 708 15997
1841 677 16082
1436 641 16217
1199 655 16110
1127 664 16166
983 629 16127
851 455 16326
281 353 16871
-378 712 16534
625 701 16214
901 825 16119
1466 1058 15647
1802 1174 15833
1673 1211 15837
1594 1132 16087
1622 1111 16138
1560 936 15989
1408 805 16021
1256 693 15967
1230 622 15994
1333 650 16004
1289 611 15974
1246 648 16021
1195 633 16011
1130 652 15982
1059 656 15951
1031 659 15930
1039 669 15870
999 711 15877
1025 742 15857
1008 776 15859
1043 805 15857
1090 797 15805
1138 764 15805
1203 707 15770
1239 635 15790
1290 646 15810
1360 883 15803
1434 786 15795
1381 701 15717
1300 620 15855
1339 561 15855
1380 559 15785
1390 441 15748
1329 358 15762
1323 354 15759
1292 392 15793
1185 383 15746
1027 402 15767
924 428 15817
942 426 15765
927 480 15787
904 508 15772
925 569 15811
981 605 15843
934 636 15849
950 646 15934
946 611 15912
977 611 15955
994 548 15975
987 520 15968
989 497 16020
964 453 16059
946 419 16064
888 363 16091
854 303 16092
803 273 16094
739 214 16087
694 190 16075
630 205 16099
628 190 16087
602 203 16031
612 223 16069
654 255 16044
661 286 16041
822 317 16053
1088 365 16030
1154 379 16026
768 322 16122
448 409 16186
260 462 16146
79 443 16210
101 395 16176
510 371 16083
909 346 15996
1211 318 16025
1596 333 16168
2095 418 16125
2954 434 16146
3910 336 15921
3337 3 15955
2098 -89 16402
1298 159 16302
-102 234 16283
-790 225 16064
-361 69 15811
77 -199 15648
234 -310 15666
647 -30 15926
1016 349 16181
1037 585 16381
928 634 16405
859 502 16253
933 327 16084
965 177 15967
1014 155 15959
1129 210 16020
1216 275 16106
1165 289 16181
1046 274 16199
1014 207 16193
1056 121 16110
1029 56 16089
1054 48 16140
1063 116 16188
1043 217 16252
958 291 16025
888 287 16177
843 16 16120
649 134 16226
724 230 16139
810 300 16203
771 412 16185
973 526 16208
1044 527 16228
1061 526 16251
1114 538 16228
1260 576 16286
1291 548 16256
1251 509 16280
1272 492 16270
1319 426 16221
1280 325 16181
1200 270 16147
1254 248 16180
1266 235 16128
1277 228 16150
1273 268 16146
1310 302 16142
1321 329 16130
1256 355 16090
1260 363 16089
1276 405 16045
1285 455 16004
1308 512 16025
1375 537 15992
1431 581 16017
1482 619 16004
1515 649 16000
1563 678 16035
1592 654 16028
1585 645 16049
1533 603 16044
1492 560 16082
1410 536 16060
1102 461 16164
917 385 16266
1253 443 16138
1416 407 15938
1451 409 15885
1603 460 15801
1638 505 15876
1329 430 15967
920 366 16145
640 356 16169
504 352 16116
302 336 16068
123 271 16076
-513 112 16327
-852 111 16810
249 510 16251
281 433 16110
645 631 15932
1347 841 15589
1520 924 15797
1292 907 15866
1132 840 16136
1174 795 16119
1139 601 16017
944 458 16016
827 319 15980
879 304 16072
972 343 16044
891 331 16073
825 366 16117
810 367 16127
714 360 16089
640 337 16045
612 357 16008
652 385 16024
658 404 15974
658 469 16004
691 507 16049
746 518 16009
796 472 15990
840 412 15985
922 342 15990
1012 309 16013
1068 535 16007
1157 484 16051
1148 354 15940
1051 282 16047
1073 241 16078
1120 223 16045
1136 137 15980
1062 59 15999
1067 66 15981
1053 103 16000
1008 81 15975
864 103 15978
804 98 16068
835 150 15986
808 158 16004
766 176 16022
774 227 16067
847 277 16099
839 280 16092
834 275 16109
825 281 16167
860 226 16129
888 218 16180
888 171 16213
894 149 16230
863 107 16272
876 84 16270
841 38 16283
818 -10 16282
791 -27 16295
749 -74 16013
713 -64 16281
690 -72 16246
678 -41 16270
652 -38 16248
679 -35 16236
783 -41 16227
804 23 16236
920 62 16236
1043 98 16189
1092 112 16225
917 86 16222
744 128 16307
606 167 16281
604 166 16307
804 177 16270
1085 144 16206
1434 125 16162
1709 70 16195
2150 107 16240
3086 203 16251
3840 139 16038
3342 -142 16230
2473 -179 16422
1648 -54 16464
398 51 16473
-145 33 16162
-9 -106 15904
290 -331 15794
536 -413 15821
890 -196 16022
1185 111 16241
1223 328 16426
1195 401 16467
1157 314 16364
1170 188 16207
1235 75 16085
1247 24 16083
1373 72 16136
1385 121 16202
1400 160 16266
1302 154 16275
1273 88 16275
1308 14 16218
1277 -38 16217
1310 -24 16246
1287 52 16282
1266 118 16306
1215 192 16333
1159 231 16267
1163 82 16291
1033 -44 16182
979 73 16308
1120 172 16264
1093 229 16245
1001 282 16293
1068 340 16247
1217 417 16287
1258 413 16269
1280 449 16274
1415 496 16321
1523 488 16255
1530 501 16274
1526 473 16282
1583 447 16249
1597 420 16240
1586 370 16165
1634 322 16160
1622 314 16138
1675 357 16181
1708 377 16172
1695 385 16148
1719 410 16170
1723 436 16114
1718 448 16100
1696 463 16081
1721 498 16045
1724 519 16063
1748 584 16025
1808 623 16013
1805 653 16003
1855 672 15999
1871 722 16013
1924 749 16013
1943 741 16012
1936 727 16060
1912 711 16046
1883 697 16056
1779 713 16062
1569 666 16102
1116 525 16281
1237 536 16374
1727 588 15967
1749 511 15902
1915 589 15725
2265 701 15700
2215 709 15754
1837 617 15890
1325 579 16090
776 593 16183
525 613 16210
-77 412 16256
-563 252 16536
328 498 16356
990 641 15877
1055 715 15838
1509 1056 15708
2018 1274 15721
1871 1277 15790
1584 1107 15925
1475 985 16005
1504 841 15903
1449 733 15880
1267 644 16013
1234 589 15964
1315 629 15944
1267 614 15967
1165 610 15973
1127 615 15963
1058 611 15927
999 644 15881
989 645 15894
976 698 15850
969 749 15861
1013 756 15852
1031 735 15805
1062 725 15789
1134 706 15817
1210 663 15777
1250 608 15825
1252 711 15804
1364 855 15857
1432 709 15769
1356 647 15755
1325 602 15880
1395 552 15857
1445 533 15808
1379 435 15789
1345 386 15803
1304 320 15822
1237 332 15820
1086 340 15815
996 328 15864
948 346 15862
897 351 15874
889 417 15890
870 434 15875
892 473 15894
875 526 15914
906 529 15967
902 527 15959
894 509 16005
931 532 16048
963 499 16055
988 451 16068
978 420 16096
984 392 16123
987 366 16152
973 291 16155
937 260 16180
920 220 16181
879 171 16157
806 169 16163
764 158 16197
769 141 16149
773 139 16133
795 143 16138
835 177 16125
958 226 16096
1031 265 16130
1223 325 16132
1099 298 16100
791 312 16217
517 362 16220
420 386 16202
418 351 16230
698 312 16124
1100 310 16082
1428 268 16019
1771 248 16115
2196 351 16142
3141 383 16209
4006 338 15898
3424 -5 16063
2403 -17 16331
1643 166 16305
414 236 16296
-206 205 16020
135 45 15835
523 -180 15687
702 -275 15675
1012 -50 15903
1308 290 16163
1352 530 16317
1249 559 16361
1185 434 16201
1240 268 16050
1285 163 15952
1311 148 15961
1404 205 16023
1442 273 16089
1406 282 16146
1264 269 16149
1239 200 16141
1249 114 16087
1219 86 16107
1292 96 16139
1276 152 16173
1205 243 16206
1158 314 16237
1109 359 16211
1100 254 16204
1007 16 16094
871 185 16197
1027 288 16240
1022 326 16179
885 396 16229
922 427 16200
1087 516 16215
1130 508 16217
1154 565 16226
1289 576 16260
1366 588 16241
1397 609 16273
1357 588 16275
1399 567 16361
1418 487 16159
1381 415 16166
1391 370 16174
1377 407 16205
1413 411 16195
1379 408 16192
1368 419 16193
1378 433 16169
1361 476 16155
1341 502 16138
1354 528 16107
1367 575 16110
1399 613 16101
1446 651 16083
1457 706 16115
1508 741 16114
1550 737 16101
1580 775 16138
1622 785 16124
1629 791 16121
1598 771 16140
1555 738 16144
1435 731 16180
1163 657 16244
674 490 16514
1077 581 16424
1400 551 16083
1411 522 16031
1682 615 15840
1997 715 15870
1870 701 15900
1500 596 16068
1012 564 16241
480 569 16294
134 585 16344
-206 447 16299
-1004 204 16636
-433 389 16707
545 629 16075
591 605 16084
1008 935 15946
1769 1182 15823
1685 1235 15937
1291 1078 16050
1166 995 16229
1244 887 16107
1247 715 16018
1040 578 16018
971 488 16035
1097 546 16071
1111 549 16049
973 556 16082
897 523 16087
904 526 16058
877 541 16020
815 531 15983
790 559 15970
795 608 15971
823 639 15926
804 632 15932
789 657 15944
871 647 15900
923 635 15892
986 609 15891
1029 522 15894
1077 582 15911
1152 800 15937
1254 653 15906
1212 587 15829
1174 534 15946
1244 496 15936
1298 487 15917
1268 365 15859
1197 284 15907
1171 232 15877
1099 223 15903
1007 234 15890
855 208 15906
787 255 15924
796 269 15889
787 344 15915
779 375 15919
769 429 15936
818 494 15964
799 503 15994
812 492 15986
789 480 15984
829 445 16041
852 446 16066
852 425 16091
856 399 16100
850 368 16146
861 332 16183
844 304 16199
831 211 16194
792 174 16183
748 142 16189
708 97 16181
646 82 16158
593 70 16160
580 106 16155
598 120 16133
681 104 16115
823 188 16079
1196 241 16133
1531 273 15973
1064 189 16112
534 290 16267
272 443 16171
-79 426 16262
-285 329 16208
-75 288 16121
409 262 15919
872 242 16088
1392 259 16157
1771 349 16214
2354 419 16096
3386 169 15922
3046 -91 16127
1962 -71 16335
1010 99 16350
-429 160 16179
-616 123 15945
-141 -33 15710
119 -302 15605
413 -318 15697
797 -2 15948
1061 356 16230
1023 556 16371
930 553 16356
941 396 16208
976 217 15999
993 102 15910
1054 93 15942
1158 161 16042
1210 238 16115
1150 243 16152
1055 184 16143
1034 117 16139
1076 36 16100
1099 -23 16069
1090 -9 16116
1107 83 16158
1047 176 16235
970 244 16233
928 208 16209
890 -69 16139
725 6 16096
827 85 16232
923 182 16144
844 259 16207
869 328 16179
1020 447 16206
1127 470 16225
1178 492 16218
1254 492 16247
1377 507 16283
1467 525 16275
1447 479 16311
1442 459 16261
1479 371 16231
1484 281 16171
1455 233 16148
1481 202 16148
1480 176 16148
1464 198 16188
1482 229 16189
1512 264 16200
1514 268 16173
1479 301 16131
1495 334 16126
1526 361 16076
1509 401 16087
1556 451 16081
1618 517 16073
1666 543 16069
1688 594 16102
1780 631 16088
1843 612 16079
1861 611 16102
1871 605 16115
1868 595 16136
1777 595 16154
1663 519 16180
1479 440 16206
1380 402 16355
1758 465 16107
1842 412 16044
1859 431 15945
2026 479 15942
1871 472 16041
1444 394 16192
1134 379 16282
1036 394 16214
927 348 16153
734 340 16128
533 277 16215
-263 146 16576
-95 290 16886
780 577 16176
733 492 16250
1188 781 15812
1876 927 15696
1780 999 15878
1623 955 15992
1625 925 16222
1621 833 16129
1572 636 16058
1366 501 16048
1288 399 16009
1354 416 16077
1391 432 16041
1299 438 16061
1224 452 16106
1226 470 16073
1152 485 16039
1104 444 16009
1068 490 15963
1072 523 15962
1107 549 15923
1095 604 15965
1126 633 15979
1181 630 15936
1227 607 15912
1293 553 15876
1340 492 15913
1406 479 15912
1465 736 15927
1558 565 15822
1540 485 15935
1473 418 15932
1541 406 15885
1550 267 15840
1471 199 15856
1442 201 15850
1390 207 15861
1264 214 15842
1109 208 15854
999 249 15896
1037 268 15842
1009 301 15865
1019 378 15851
1046 402 15884
1093 480 15891
1068 468 15916
1083 481 15951
1080 499 15960
1123 443 15963
1113 432 16003
1096 357 16043
1120 332 16038
1119 321 16059
1115 260 16092
1066 219 16078
1025 175 16110
1017 135 16084
937 93 16081
899 86 16095
841 74 16049
833 113 16064
797 116 16055
823 88 16035
883 141 16036
918 154 16050
967 247 15988
908 211 16059
944 277 16009
928 293 16062
847 298 16083
840 323 16082
873 326 16049
1006 317 16042
1192 327 16053
1384 344 16066
1571 337 16053
1778 292 16040
2256 289 16061
3407 332 15984
4078 192 15739
3248 -85 16067
2231 21 16276
1381 267 16290
95 292 16274
-252 210 16002
177 -6 15732
536 -240 15599
839 -253 15647
1128 38 15932
1386 413 16195
1322 583 16337
1203 594 16314
1182 424 16180
1232 258 16023
1311 174 15930
1340 167 15980
1449 257 16064
1466 341 16163
1390 375 16211
1309 330 16180
1268 236 16164
1323 154 16105
1301 112 16100
1321 164 16168
1293 224 16209
1233 316 16268
1182 384 16253
1105 376 16195
1075 120 16173
888 123 16093
947 243 16258
1086 353 16170
980 432 16222
953 518 16211
1101 629 16193
1195 633 16189
1210 625 16199
1275 619 16224
1413 692 16250
1502 666 16233
1431 612 16238
1388 603 16265
1449 551 16191
1417 487 16151
1355 373 16093
1373 363 16102
1444 378 16112
1448 397 16124
1429 458 16099
1437 446 16086
1436 483 16063
1437 508 16008
1429 537 15999
1452 583 15963
1449 607 15967
1491 676 15971
1550 711 15925
1573 735 15947
1610 767 16195
1694 820 15967
1752 821 16001
1731 806 16013
1707 779 16004
1708 769 16026
1535 722 16051
1499 672 16012
1292 613 16102
1311 618 16080
1521 636 15966
1569 627 15902
1576 607 15857
1498 581 15906
1178 551 16052
889 564 16136
805 594 16111
727 542 16045
594 535 16016
423 507 16075
-324 355 16366
-573 373 16821
398 707 16233
408 616 16139
729 837 15834
1426 1027 15596
1490 1124 15790
1387 1116 15876
1322 1078 16122
1346 1027 16085
1269 799 16009
1068 662 16030
973 545 15984
991 520 16059
1067 544 16052
981 517 16056
917 564 16106
885 553 16084
806 557 16074
742 533 16071
730 576 16023
738 588 16005
735 602 15993
749 673 15997
786 692 16039
823 721 16012
857 674 15990
890 626 15972
965 573 15979
1035 519 16028
1085 712 16009
1213 717 16056
1197 580 15944
1089 473 16009
1075 422 16086
1133 413 16056
1161 346 16002
1054 275 15990
1037 282 15989
1013 292 15981
957 278 16005
820 308 16016
757 342 16053
769 348 16031
751 356 15996
722 368 16031
727 428 16020
775 460 16079
770 455 16053
723 488 16082
729 457 16127
748 398 16103
753 379 16135
754 361 16172
765 331 16183
746 297 16210
726 278 16237
680 251 16239
676 196 16217
623 160 16221
597 113 16207
563 98 16210
550 86 16192
500 77 16167
468 109 16189
492 119 16167
501 147 16121
534 115 16138
593 189 16094
613 177 16159
738 226 16073
785 237 16097
803 258 16116
692 271 16109
506 270 16138
443 310 16169
571 326 16129
772 308 16111
1081 270 16066
1449 207 16028
1866 216 16075
2844 290 16085
3590 283 15834
2944 -17 16151
2041 -8 16289
1255 143 16316
45 174 16333
-437 118 15984
-212 -32 15731
118 -233 15635
382 -274 15651
679 -61 15892
931 239 16134
948 433 16286
903 474 16165
873 341 16035
904 136 15950
985 122 15940
1011 172 16017
1125 215 16095
1083 221 16134
986 196 16117
971 146 16103
1016 58 16062
1000 40 16071
1046 54 16125
1038 145 16167
977 210 16207
928 268 16195
873 306 16165
894 163 16220
787 -4 16089
661 115 16229
833 226 16223
802 271 16180
710 289 16214
748 319 16180
874 404 16221
952 410 16217
946 427 16247
1060 495 16294
1217 500 16260
1204 500 16305
1182 490 16295
1246 426 16219
1265 392 16251
1270 323 16174
1278 278 16192
1284 295 16186
1364 308 16209
1380 293 16187
1358 322 16242
1414 364 16214
1424 345 16182
1367 344 16177
1388 381 16148
1428 420 16113
1421 446 16132
1436 489 16108
1478 494 16136
1485 530 16137
1515 557 16123
1559 607 16141
1607 625 16137
1642 633 16165
1653 627 16180
1634 625 16190
1601 613 16200
1503 589 16211
1257 527 16298
767 375 16463
922 395 16596
1438 458 16151
1449 381 16146
1642 459 15958
2064 583 15936
2070 617 15959
1799 529 16042
1277 460 16261
606 437 16391
348 497 16426
-247 323 16457
-813 140 16703
-50 325 16655
766 489 16132
914 540 16061
1313 854 16007
1913 1129 15989
1810 1163 16031
1462 994 16176
1329 873 16270
1414 724 16171
1402 608 16103
1217 499 16101
1186 439 16155
1260 476 16192
1263 505 16157
1141 493 16177
1087 453 16140
1089 457 16136
1065 467 16103
1038 484 16051
1019 535 16077
1016 584 16068
1039 643 16018
1054 651 15997
1076 615 15986
1147 591 15950
1222 574 15974
1326 553 15940
1332 494 15950
1342 565 15955
1420 764 15967
1522 619 15921
1487 551 15864
1456 509 15952
1541 463 15949
1599 468 15901
1554 338 15890
1485 303 15900
1467 262 15874
1408 219 15838
1269 257 15853
1178 244 15872
1114 261 15873
1092 284 16155
1061 349 15860
1090 373 15895
1094 450 15913
1099 459 15936
1099 479 15940
1104 465 15951
1130 469 15968
1149 445 15972
1199 431 15995
1196 395 16028
1219 371 16058
1228 357 16083
1221 303 16051
1189 269 16083
1159 233 16077
1123 176 16068
1096 167 16043
1033 144 16049
1039 154 16047
998 150 16050
1019 173 16039
1069 153 16030
1172 251 15980
1384 278 16043
1843 360 15941
1740 311 15903
1217 293 16132
849 466 16123
577 501 16110
286 453 16171
328 384 16112
753 375 15992
1238 319 15935
1843 297 15936
2336 345 16017
3155 446 16108
4150 511 15926
3927 254 15940
2948 72 16228
2099 191 16266
892 256 16235
-53 230 15979
120 158 15775
621 -40 15683
839 -183 15636
1126 -27 15779
1427 299 16051
1522 577 16233
1429 663 16315
1323 593 16247
1363 446 16078
1439 309 15940
1440 258 15899
1515 285 15971
1575 374 16055
1577 437 16123
1463 424 16122
1425 341 16116
1414 248 16092
1417 234 16084
1445 240 16108
1444 260 16135
1349 329 16186
1275 395 16221
1247 448 16182
1210 368 16175
1122 131 16076
986 245 16114
1116 352 16162
1146 431 16101
1043 461 16166
1059 499 16132
1199 637 16159
1261 645 16153
1273 654 16169
1344 702 16186
1493 729 16160
1532 733 16163
1501 690 16175
1524 651 16124
1539 592 16101
1543 535 16057
1540 481 16017
1500 448 16019
1528 459 16043
1542 493 16045
1520 500 16040
1512 483 16012
1505 483 15983
1480 499 15954
1459 527 15939
1475 565 15895
1441 570 15902
1478 626 15889
1550 652 15860
1559 714 15875
1581 774 15879
1665 773 15885
1693 795 15884
1712 793 15908
1755 823 15888
1760 802 15926
1687 761 15934
1522 723 16007
1331 633 16051
1245 584 16138
1534 609 15974
1662 568 15813
1694 588 15792
1839 613 15742
1750 617 15859
1322 536 16101
977 520 16059
861 566 16057
635 459 16013
478 292 16219
-132 245 16736
509 617 16246
512 548 16059
697 749 15952
1400 994 15642
1635 1059 15808
1393 1024 15843
1266 953 16060
1358 949 16120
1348 796 15973
1197 646 15988
1034 509 16014
1060 473 16051
1147 488 16074
1082 472 16047
1008 481 16097
988 475 16089
992 483 16051
873 487 16067
852 508 16057
906 520 16008
874 552 16008
905 604 15995
922 583 15995
939 597 15992
962 575 15985
988 534 15983
1070 479 15960
1078 394 15954
1105 409 15982
1145 640 16005
1226 537 16023
1192 455 15936
1124 374 16039
1174 350 16019
1237 348 15988
1205 221 15926
1102 159 15978
1081 119 15957
999 132 15967
883 154 15967
741 110 15962
651 132 16004
669 149 15969
663 198 15946
658 220 15952
653 242 15968
708 314 16009
698 303 16017
704 318 16037
656 324 16042
674 278 16076
704 246 16073
716 203 16103
702 190 16127
686 145 16148
698 100 16140
654 79 16165
629 20 16188
600 -37 16153
543 -61 16171
507 -79 16180
486 -120 16131
434 -111 16136
387 -96 16143
416 -63 16098
445 -81 16111
518 -15 16054
588 -3 16124
891 60 16069
1024 66 16070
783 55 16084
414 74 16211
235 163 16164
114 162 16222
90 110 16240
453 99 16144
898 61 16062
1285 20 16026
1557 37 16154
2134 109 16233
3237 203 16143
3686 26 15990
2817 -282 16256
1903 -222 16405
1038 -69 16373
-309 -25 16302
-524 -62 16076
-63 -238 15895
242 -454 15772
490 -464 15852
838 -170 16114
1087 154 16349
1030 337 16491
952 349 16495
941 194 16359
1014 41 16184
1059 -52 16119
1101 -57 16166
1200 13 16244
1258 102 16341
1196 113 16377
1112 43 16374
1094 -20 16357
1149 -66 16319
1172 -119 16315
1167 -98 16376
1151 -24 16418
1108 62 16062
1038 141 16432
974 118 16381
940 -100 16322
758 -5 16454
836 106 16353
840 179 16396
863 212 16381
947 309 16402
1053 387 16428
1129 417 16433
1196 393 16455
1287 407 16454
1350 425 16452
1362 423 16498
1348 411 16447
1351 322 16407
1361 232 16356
1337 215 16339
1370 169 16337
1370 163 16335
1373 195 16347
1385 203 16330
1377 228 16336
1387 249 16297
1355 275 16264
1315 285 16228
1327 330 16175
1353 397 16181
1405 426 16163
1428 490 16146
1484 532 16148
1511 562 16169
1576 620 16161
1619 628 16176
1639 627 16186
1632 627 16194
1620 633 16208
1598 599 16212
1461 558 16225
1042 448 16364
836 363 16565
1399 474 16298
1479 398 16112
1543 436 16037
1882 528 15920
2055 617 15971
1843 571 15973
1451 464 16159
980 420 16293
641 416 16281
367 461 16240
190 364 16235
-315 217 16407
-924 139 16898
305 592 16504
582 598 16062
884 723 16143
1582 1008 15708
2073 1099 15846
1659 1038 15922
1335 945 16203
1402 944 16284
1402 781 16102
1333 595 16046
1084 417 15996
1149 403 16082
1271 474 16113
1213 517 16101
1097 511 16171
1046 502 16116
1043 568 16094
974 541 16057
931 541 15981
927 583 16026
968 627 16015
986 670 15974
1003 694 16020
1038 714 15977
1097 677 15947
1164 634 15946
1216 564 15922
1243 517 15910
1306 766 15934
1443 745 15972
1422 630 15855
1363 569 15969
1394 526 15960
1477 494 15921
1447 365 15884
1331 278 15894
1315 294 15872
1278 281 15880
1177 290 15858
1031 306 15851
946 342 15918
987 392 15865
973 420 15855
932 489 15892
957 529 15920
1022 576 15933
1012 556 15951
994 558 15964
1005 599 15979
1024 548 15968
1020 534 15992
999 476 16018
1018 452 16076
1037 437 16074
1034 389 16098
1005 335 16095
958 284 16098
928 271 15922
866 217 16089
809 223 16066
762 197 16035
724 220 16051
710 224 16006
728 262 16009
780 270 15994
810 342 15977
889 357 16030
960 396 15978
966 406 16024
802 376 16030
687 412 16053
657 432 16055
783 454 16026
989 436 15997
1247 429 15950
1541 386 15935
1799 379 15963
2199 406 16019
3190 469 15987
3902 375 15732
3179 66 16001
2222 118 16205
1455 334 16175
176 362 16162
-244 297 15907
155 120 15701
542 -85 15580
799 -153 15605
1091 115 15861
1382 462 16102
1358 674 16250
1253 689 16233
1233 545 16094
1295 400 15940
1385 296 15873
1420 281 15875
1510 361 15956
1577 451 16053
1517 470 16101
1413 400 16085
1371 379 16082
1450 311 16036
1450 261 16016
1429 270 16061
1431 332 16094
1395 424 16139
1312 499 16154
1260 537 16120
1247 297 16116
1103 258 16005
1088 364 16174
1265 495 16074
1201 549 16109
1136 642 16105
1257 752 16111
1382 762 16109
1396 752 16122
1435 738 16153
1550 803 16152
1653 795 16142
1606 749 16117
1561 712 16136
1595 648 16066
1603 609 16078
1569 520 16013
1528 501 16013
1555 512 16019
1575 561 16028
1596 568 16006
1561 562 16008
1589 583 15976
1580 618 15957
1541 646 15933
1561 682 15908
1566 723 15891
1621 778 15884
1652 817 15865
1691 829 15889
1710 889 15904
1795 928 15897
1850 922 15896
1830 916 15927
1828 917 15919
1828 888 15953
1768 880 15963
1667 853 16014
1654 799 15959
1473 762 16028
1395 731 16056
1531 731 16012
1658 748 15884
1649 702 15842
1647 686 15879
1434 647 15981
1084 650 16117
963 679 16121
888 670 16072
723 656 16042
533 599 16061
-221 438 16386
-322 476 16746
561 760 16216
553 686 16147
867 911 15882
1524 1127 15645
1569 1220 15831
1509 1208 15879
1465 1160 16125
1510 1098 16089
1456 894 16017
1254 766 15897
1137 650 16076
1139 647 16090
1197 626 16087
1116 615 16147
1048 619 16107
967 615 16069
870 608 16083
847 627 16020
847 641 16020
822 667 16008
825 728 16009
861 758 16039
904 776 16019
962 744 15987
997 691 15979
1075 637 15971
1116 569 15985
1145 749 16001
1253 812 16013
1265 641 15899
1189 543 15960
1180 449 16012
1227 453 16005
1242 394 15955
1132 298 15945
1103 300 15937
1056 294 15922
991 278 15944
849 324 15933
786 355 15982
792 363 15939
799 405 15917
761 398 15946
756 448 15981
801 520 16000
841 529 16010
820 522 16005
813 495 16026
816 489 16014
867 452 16043
865 428 16057
878 371 16112
862 342 16116
849 324 16134
823 282 16131
807 239 16122
764 222 16141
769 167 16108
727 139 16074
685 140 16108
673 102 16075
655 147 16071
671 157 16073
690 183 16008
739 161 16025
813 248 15978
888 262 16041
1080 322 15965
1112 316 15981
933 306 16000
708 337 16082
593 377 16054
611 380 16069
807 349 16027
1154 340 15955
1485 307 15895
1739 271 15919
2103 326 15990
2954 400 16020
3894 379 15765
3422 75 15901
2450 -12 16171
1708 163 16135
490 252 16184
-193 231 15978
15 116 15737
453 -126 15569
650 -233 15544
973 -36 15729
1276 290 15981
1336 520 16175
1242 590 16213
1167 485 16143
1216 321 15962
1295 211 15834
1302 181 15831
1398 221 15898
1457 281 15982
1425 315 16063
1324 297 16065
1276 238 16052
1310 154 16013
1273 106 16020
1309 121 16049
1300 213 16082
1293 295 16151
1237 356 16149
1154 391 16134
1184 284 16135
1088 46 16021
936 173 16143
1072 262 16180
1062 306 16100
942 354 16149
963 399 16132
1091 491 16173
1150 463 16176
1153 497 16178
1265 516 16232
1382 528 16209
1400 536 16227
1383 539 16230
1439 499 16189
1436 430 16117
1437 367 16116
1419 346 16140
1432 341 16150
1479 375 16169
1481 376 16175
1513 386 16143
1494 373 16133
1435 363 16139
1458 397 16118
1462 398 16089
1437 435 16095
1459 479 16059
1475 505 16072
1498 524 16078
1539 543 16078
1569 581 16090
1591 608 16105
1611 607 16103
1599 584 16123
1578 579 16130
1555 572 16162
1509 530 16148
1252 481 16204
879 363 16352
886 319 16496
1393 419 16143
1444 328 16068
1588 379 15959
1952 473 15895
1906 480 15955
1464 367 16110
949 335 16298
532 372 16389
360 400 16347
-242 175 16394
-845 6 16727
126 268 16570
729 414 16052
777 479 16103
1256 789 15946
1817 984 15978
1625 995 16027
1299 824 16178
1232 752 16271
1329 635 16141
1286 494 16108
1052 388 16141
1019 326 16183
1111 375 16238
1091 367 16184
986 335 16215
926 323 16202
929 344 16180
852 344 16150
798 369 16132
824 422 16102
784 459 16073
800 524 16067
811 530 16044
861 506 16049
911 481 16024
960 466 16048
1067 443 16038
1088 369 15983
1095 411 16012
1124 621 16058
1227 464 16017
1172 401 15935
1126 362 16050
1194 320 16010
1253 323 16000
1212 223 15953
1126 189 15983
1099 171 15965
1035 117 15937
909 131 15939
780 121 15957
697 156 15988
703 191 15975
648 185 15983
646 261 15988
667 285 16006
675 302 15997
644 350 16027
648 398 16062
696 369 16046
704 323 16052
701 333 16111
741 305 16130
754 275 16143
724 222 16156
698 204 16203
720 158 16192
715 104 16199
678 83 16185
604 53 16205
603 25 16187
556 -7 16159
516 14 16150
511 43 16165
529 48 16138
569 30 16159
644 100 16106
799 127 16166
1194 206 16084
1201 187 16025
752 155 16191
376 256 16264
221 340 16190
-14 313 16279
23 230 15983
469 238 16034
944 190 16027
1394 149 16184
1808 287 16234
2517 354 16108
3618 118 16001
2745 -142 16316
1929 -32 16341
910 81 16357
-298 93 16205
-300 59 15967
214 -126 15809
456 -319 15728
775 -248 15825
1129 69 16080
1316 382 16304
1241 522 16403
1134 472 16382
1149 326 16195
1243 178 16055
1275 92 16004
1317 113 16040
1426 191 16136
1447 224 16218
1338 238 16241
1290 207 16247
1315 130 16222
1337 107 16176
1310 76 16199
1354 115 16211
1328 182 16266
1289 257 16320
1237 321 16283
1222 286 16295
1169 17 16169
966 84 16182
1076 192 16294
1158 289 16184
1051 335 16257
1047 363 16206
1156 475 16277
1281 523 16272
1291 555 16255
1363 555 16274
1492 585 16253
1553 588 16277
1543 573 16279
1544 554 16241
1566 472 16220
1556 417 16188
1567 334 16147
1527 315 16136
1562 358 16170
1621 400 16143
1596 423 16156
1624 403 16136
1582 414 16114
1565 436 16098
1540 454 16060
1542 488 16027
1525 481 15997
1544 544 15985
1615 591 15984
1622 630 15983
1659 682 15984
1728 707 15992
1763 738 15994
1780 747 16008
1795 763 16016
1806 748 16035
1769 704 16007
1628 687 16057
1351 621 16112
798 448 16426
1236 554 16310
1578 537 15923
1586 505 15949
1871 589 15704
2234 699 15783
2149 725 15791
1837 611 15915
1325 554 16110
687 526 16192
396 576 16250
-32 432 16223
-700 216 16482
-484 331 16646
576 623 16093
812 620 15935
1021 851 15964
1831 1146 15820
1931 1245 15859
1556 1113 15978
1279 985 16171
1379 925 16145
1423 756 16000
1234 623 16009
1118 531 16038
1176 549 16113
1255 592 16098
1134 573 16091
1055 564 16146
1067 553 16078
1019 549 16064
935 560 16026
913 607 16007
925 645 16015
939 701 15988
947 687 15969
942 708 15986
999 720 15973
1076 710 15934
1124 675 16110
1167 616 15945
1218 609 15962
1269 788 15939
1384 672 15814
1331 603 15958
1349 549 15947
1419 541 15900
1378 433 15858
1262 348 15882
1248 278 15873
1187 287 15856
1090 325 15862
946 308 15820
868 322 15857
851 350 15850
842 435 15850
852 491 15854
860 498 15840
852 554 15881
876 554 15870
894 614 15878
892 585 15903
902 543 15887
925 537 15932
967 497 15922
985 487 15979
971 450 16013
972 418 16041
948 389 16025
915 321 16038
886 264 16041
850 235 16022
814 220 16023
751 189 15985
714 170 15974
677 180 15954
682 219 15972
768 201 15959
943 280 15895
1204 340 15963
1555 396 15842
1177 330 15904
675 416 16096
411 545 15996
190 537 16072
27 447 16063
272 403 15957
808 381 15845
1250 357 15808
1659 379 15935
1972 454 16000
2481 483 16051
3459 537 16013
4041 337 15728
3287 -6 15983
2209 39 16146
1365 251 16148
-84 307 16106
-401 276 15885
146 98 15705
540 -161 15570
783 -210 15581
1159 113 15854
1422 481 16139
1364 716 16320
1205 703 16329
1177 534 16174
1262 351 15947
1305 232 15858
1368 212 15870
1463 287 15991
1548 359 16106
1426 392 16165
1323 329 16200
1297 256 16164
1321 186 16140
1336 102 16089
1340 125 16144
1339 210 16187
1293 306 16266
1191 385 16252
1150 384 16248
1125 112 16200
948 97 16127
987 221 16293
1113 320 16193
1038 395 16252
1017 480 16258
1123 550 16280
1243 607 16294
1276 625 16299
1362 599 16303
1474 615 16310
1546 631 16331
1548 608 16357
1538 582 16339
1546 472 16303
1530 420 16291
1534 371 16225
1526 320 16230
1491 305 16254
1516 324 16257
1530 361 16255
1515 357 16251
1498 385 16223
1484 384 16173
1476 377 16158
1449 456 16134
1481 504 16138
1534 534 16113
1551 616 16091
1631 663 16110
1682 678 16117
1738 720 16116
1773 726 16106
1819 702 16126
1807 700 16162
1764 653 16168
1601 621 16177
1233 509 16298
1022 428 16493
1512 518 16236
1616 456 16045
1695 481 15966
2000 551 15858
2080 613 15902
1791 548 15970
1358 455 16170
938 427 16253
713 424 16223
459 421 16182
251 325 16204
-205 211 16364
-790 139 16839
327 553 16439
594 559 16076
845 684 16122
1536 953 15699
1930 1024 15847
1547 968 15907
1310 897 16158
1374 877 16240
1373 721 16096
1265 545 16049
1047 394 16027
1060 349 16087
1170 402 16129
1094 405 16095
1003 423 16169
960 416 16128
920 434 16093
806 417 16076
774 407 16042
770 445 16023
792 478 16019
808 505 15988
809 552 16025
844 557 16029
904 546 15989
935 498 15979
1009 440 15960
1011 378 15988
1106 568 16029
1241 609 16024
1197 475 15918
1141 419 16022
1129 358 16032
1203 346 15992
1197 230 15964
1076 115 15976
1047 108 15976
1034 123 15977
954 137 15984
790 143 15965
682 149 15999
670 174 15999
679 206 15953
642 254 15995
668 296 15980
724 339 15989
740 361 16015
724 391 16040
724 401 16090
748 342 16070
735 324 16105
753 303 16134
800 248 16122
788 224 16161
779 188 16187
741 128 16219
723 104 16206
672 49 16203
635 2 16176
575 -15 16200
562 -47 16174
541 -33 16145
501 -12 16158
538 8 16125
587 15 16112
660 37 16132
779 142 16058
750 125 16145
775 184 16105
563 152 16152
432 202 16208
423 230 16169
568 219 16149
782 194 16118
1038 189 16093
1281 220 16090
1435 227 16149
1629 211 16145
1956 201 16188
2996 224 16150
3854 120 15799
3104 -223 16081
2097 -148 16326
1336 104 16293
82 176 16344
-406 80 16137
6 -104 15864
466 -351 15703
685 -402 15704
1008 -118 15959
1261 252 16200
1237 474 16406
1124 481 16260
1055 158 16071
1154 47 15973
1228 31 15996
1374 101 16083
1414 169 16173
1337 239 16229
1237 178 16255
1192 92 16215
1232 -20 16168
1242 -56 16140
1282 -23 16205
1228 42 16251
1171 157 16291
1084 207 16279
1029 226 16261
1022 13 16227
852 -96 16122
847 41 16315
986 168 16226
917 216 16242
857 326 16264
943 402 16275
1087 474 16286
1133 453 16263
1180 436 16293
1317 491 16301
1413 493 16316
1390 474 16327
1360 409 16331
1364 343 16240
1365 298 16246
1342 217 16203
1297 182 16190
1314 190 16210
1364 219 16218
1367 219 16233
1310 248 16236
1359 269 16198
1343 282 16161
1312 333 16180
1343 361 16109
1323 405 16114
1372 454 16094
1416 529 16110
1468 548 16101
1480 597 16112
1541 613 16107
1587 616 16110
1599 635 16110
1625 624 16148
1627 615 16146
1590 587 16154
1490 560 16193
1491 527 16163
1373 484 16159
1260 463 16206
1306 448 16180
1471 485 16075
1464 430 16021
1387 412 16058
1185 392 16144
940 405 16226
830 425 16211
729 436 16155
584 393 16138
430 386 16142
-318 231 16429
-547 257 16791
352 541 16320
428 481 16144
710 666 15933
1325 874 15708
1448 999 15859
1347 1011 15916
1285 966 16140
1356 909 16118
1324 718 16002
1173 577 16001
1051 487 16012
1065 463 16045
1113 482 16069
1041 470 16035
983 472 16065
978 492 16030
936 489 15986
844 478 15971
819 514 15945
865 554 15904
838 550 15886
832 606 15904
867 637 15902
929 665 15875
993 642 15842

