1211 -74 16466
1191 -81 16440
1174 -82 16418
979 -3 16263
-88 288 15977
-1233 569 15953
-1444 778 15905
-984 723 16540
170 683 16519
2479 557 16431
4157 331 16263
4581 427 16217
4511 515 16477
4299 403 16205
3959 88 15934
3311 -316 15965
2488 -624 16102
1683 -857 16480
699 -998 16794
71 -980 16767
116 -997 16444
351 -970 16108
340 -879 16127
297 -665 16187
369 -517 16191
363 -388 16223
220 -198 16182
-12 -42 16127
-243 121 16045
-404 222 15910
-500 319 15821
-285 352 15807
104 315 15820
660 227 15900
1176 120 15907
1591 24 15933
1847 -97 15992
2006 -231 16011
2070 -429 16056
2062 -561 16065
1997 -709 16101
1859 -825 16148
1714 -888 16224
1573 -914 16288
1547 -812 16386
2415 -826 16878
3212 -958 16682
2518 -760 17371
1824 -283 17938
845 213 16427
-230 410 16468
-457 432 16411
-443 354 16028
-399 234 16171
-298 225 16326
-4 253 16225
359 213 16438
676 149 16583
1140 -11 16844
1578 -203 17088
1923 -319 17069
1967 -371 17063
1914 -346 16977
1917 -355 16851
1832 -376 16754
1752 -356 16603
1686 -326 16533
1748 -269 16432
1794 -226 16378
1799 -142 16312
1857 -57 16218
1901 17 16193
1912 82 16082
1953 132 16065
2001 116 16051
2108 137 15953
2127 124 15980
2159 95 15983
2154 79 15935
2094 46 15975
2126 47 16016
2142 25 15943
2078 15 15980
2019 33 16015
2027 -155 16044
1903 -279 15944
1818 -175 16091
1925 -170 16249
1797 -140 16133
1602 -47 16247
1502 18 16220
1449 111 16131
1367 168 16151
1323 265 16064
1313 328 15996
1306 351 16002
1333 396 15970
1303 368 15982
1301 369 15979
1327 319 15993
1295 296 16023
1313 268 16059
1256 216 16039
1206 188 16089
1180 133 16141
1108 120 16142
1047 159 16207
979 151 16250
889 167 16221
799 201 16269
721 247 16245
684 293 16237
637 386 16177
579 450 16157
593 469 16130
710 499 16045
789 527 16017
915 561 15988
1067 563 15929
1145 543 15864
1213 551 15794
1252 512 15689
1046 508 15544
689 487 15540
700 466 15332
371 526 14267
438 511 14233
1213 341 14921
2157 88 15293
2879 -65 15962
3913 -201 17398
5462 -441 18656
5502 -248 16997
2398 477 15466
-136 1026 15911
-505 951 14915
-1198 656 14303
-682 480 15470
795 411 15309
1770 393 15518
2266 635 16058
2478 992 15628
2657 972 15602
2647 845 15436
2567 619 15328
2408 426 15462
2415 304 15530
2436 207 15595
2363 238 15584
2185 282 15601
1925 300 15629
1658 322 15588
1409 316 15636
1251 328 15694
1157 359 15758
1117 414 15747
1083 506 15681
1032 593 15658
980 654 15617
978 625 15630
1014 588 15651
1051 530 15708
1077 440 15708
1074 357 15724
1081 446 15702
1120 630 15764
1125 463 15681
1042 429 15642
1090 334 15765
1170 211 15734
1306 130 15743
1328 37 15713
1279 32 15808
1269 -8 15800
1192 -17 15779
1093 8 15863
1018 29 15857
967 53 15825
918 82 15899
925 163 15927
1025 251 15911
1104 294 15952
1145 313 15980
1210 306 15982
1284 301 15997
1336 267 16006
1369 264 16024
1411 218 16086
1486 168 16043
1552 156 16143
1599 113 16128
1648 70 16149
1688 24 16199
1708 -27 16191
1682 -59 16219
1618 -79 16237
1563 -86 16261
1488 -87 16264
1418 -100 16290
1369 -95 16259
1322 -62 16254
1344 -16 16274
1386 51 16229
1424 95 16280
1570 141 16232
1611 142 16224
1463 192 16228
1229 257 16171
1022 291 16058
951 306 16005
1033 259 15992
1309 209 15998
1652 119 15994
2038 -36 16043
2440 -82 16075
3083 -191 16257
3971 -383 16274
3918 -540 16393
3341 -530 16911
2425 -367 16469
1601 -291 16143
1241 -246 15732
1222 -289 15556
1228 -195 15651
1126 -63 15732
1184 52 15661
1236 127 15703
1105 183 15660
1060 199 15635
1085 146 15614
1051 105 15534
1049 72 15555
1128 27 15549
1190 -66 15555
1163 -132 15572
1145 -175 15578
1181 -280 15602
1161 -346 15610
1166 -355 15715
1223 -396 15799
1195 -367 15777
1092 -295 15830
1074 -190 15871
1094 -116 15865
1005 -206 15930
847 -414 15788
744 -265 15821
938 -241 16062
936 -207 15995
824 -71 16015
808 -16 16060
953 48 16016
1004 48 16058
1004 88 16146
1171 64 16105
1287 29 16087
1421 -1 16146
1524 -41 16161
1595 -108 16214
1671 -181 16255
1717 -237 16284
1752 -317 16327
1751 -352 16351
1777 -370 16378
1777 -387 16454
1837 -382 16468
1840 -400 16464
1818 -377 16522
1858 -335 16568
1845 -311 16570
1840 -274 16620
1854 -249 16634
1853 -197 16594
1863 -132 16646
1897 -120 16620
1879 -89 16580
1900 -49 16606
1958 -19 16578
1976 -34 16581
1981 -52 16578
1984 -90 16549
1974 -138 16549
1870 -142 16535
1521 -144 16488
1065 -131 16515
1106 -146 16312
1409 -283 16230
2105 -430 16654
2739 -502 16615
2824 -458 16563
2739 -351 16622
2497 -286 16610
1997 -221 16519
1021 -83 16428
338 -6 16237
-406 13 15935
-858 56 16073
-840 158 15871
-241 186 15892
789 85 16213
1434 152 16265
2144 193 16337
2441 286 16036
2382 289 16042
2250 241 16021
2148 155 15866
1982 -25 15865
1779 -135 15821
1645 -197 15819
1627 -219 15809
1642 -204 15760
1609 -182 15751
1543 -128 15710
1455 -82 15704
1445 -40 15670
1421 -13 15656
1400 48 15613
1391 131 15599
1369 190 15556
1352 213 15525
1368 255 15491
1433 246 15436
1498 184 15419
1570 108 15398
1639 -10 15406
1704 10 15364
1802 241 15405
1857 128 15410
1757 97 15268
1740 49 15436
1722 -64 15404
1809 -101 15335
1804 -193 16337
1714 -227 15408
1610 -249 15421
1476 -209 15466
1293 -143 15492
1104 -77 15522
931 -58 15559
893 16 15583
892 71 15629
935 108 15613
960 156 15669
989 216 15697
1016 208 15737
1007 184 15747
1023 161 15837
1089 111 15821
1136 94 15877
1182 58 15943
1244 -15 15941
1270 -57 16022
1296 -129 16082
1306 -196 16108
1295 -211 16169
1249 -257 16206
1161 -273 16227
1109 -266 16264
1062 -247 16306
1032 -237 16342
1025 -226 16367
1040 -154 16400
1112 -100 16435
1146 -56 16451
1246 -34 16473
1248 -16 16479
1186 32 16506
1057 60 16505
1027 73 16450
1066 44 16426
1256 15 16466
1559 -4 16487
1832 -61 16511
2129 -175 16561
2418 -214 16544
2994 -313 16720
3955 -477 16717
4125 -636 16773
3522 -585 17278
2658 -407 17031
1687 -337 16726
1191 -303 16518
1246 -361 16336
1287 -405 16234
1177 -339 16312
1316 -202 16466
1498 -80 16441
1514 25 16443
1361 91 16486
1364 126 16466
1386 77 16419
1360 13 16393
1354 7 16372
1435 -16 16393
1556 -88 16366
1527 -129 16346
1499 -166 16352
1503 -247 16302
1479 -317 16314
1466 -318 16336
1426 -355 16349
1358 -344 16355
1268 -279 16303
1204 -195 16299
1172 -95 16283
1123 -85 16307
1006 -349 16209
847 -204 16164
1016 -150 16338
1099 -105 16199
899 13 16225
852 106 16283
1025 184 16182
1070 214 16152
1156 241 16243
1271 220 16176
1436 198 16203
1557 135 16237
1631 86 16192
1643 72 16224
1672 6 16246
1730 -32 16204
1663 -63 16228
1676 -70 16230
1662 -95 16190
1631 -133 16202
1617 -97 16190
1639 -80 16204
1594 -51 16218
1553 2 16201
1494 43 16178
1490 100 16189
1498 162 16198
1500 200 16164
1530 270 16178
1610 291 16191
1653 324 16122
1704 376 16166
1776 392 16202
1854 379 16177
1870 349 16193
1870 339 16196
1850 338 16211
1779 284 16224
1551 243 16152
1209 254 16189
1331 225 16079
1556 102 16268
1933 95 16274
2308 110 16319
2223 178 16330
1913 239 16338
1438 277 16317
855 396 16256
433 422 16183
-134 450 16041
-771 505 16242
-617 602 16089
-3 590 15973
840 485 16217
1486 581 16242
1967 641 16272
2179 744 16036
1985 755 16117
1823 729 16147
1769 604 15996
1711 442 15957
1627 336 15974
1572 287 16001
1609 296 16025
1630 305 16003
1587 338 15998
1537 360 15980
1458 369 15978
1413 404 15996
1348 431 15996
1316 503 15975
1293 580 15967
1282 609 15963
1291 645 15932
1338 649 15891
1391 632 15891
1480 594 15896
1588 532 15851
1646 435 15845
1707 404 15804
1773 677 15832
1877 629 15887
1796 539 15704
1771 493 15862
1799 407 15824
1886 345 15721
1953 236 15713
1906 184 15719
1807 186 15756
1705 229 15778
1598 202 15763
1400 258 15793
1270 305 15863
1213 369 15816
1188 434 15879
1185 468 15873
1204 561 15857
1244 574 15864
1285 583 15873
1341 567 15887
1369 563 15902
1399 561 15914
1405 526 15933
1424 497 15942
1477 438 15967
1493 391 16001
1536 334 15999
1511 298 15999
1497 256 16017
1450 251 16017
1396 212 16048
1348 151 16022
1273 150 16064
1208 164 16089
1162 166 16054
1113 196 16057
1082 218 16096
1130 242 16076
1189 316 16043
1252 308 16085
1379 342 16038
1349 364 16072
1113 421 16059
919 478 16011
831 470 15938
901 460 15937
1152 398 15923
1523 358 15926
1836 252 15965
2163 167 15993
2623 112 16045
3512 -17 16135
4107 -207 15993
3544 -230 16406
2669 -56 16504
1720 20 16098
787 82 15890
713 53 15658
853 -48 15516
836 -30 15549
861 73 15758
1141 205 15780
1318 283 15756
1276 357 15851
1245 405 15850
1270 373 15831
1323 311 15782
1316 274 15771
1339 241 15815
1474 201 15792
1534 148 15783
1524 101 15755
1488 59 15793
1512 -62 15788
1567 -96 15861
1519 -83 15867
1485 -46 15864
1408 25 15901
1389 128 15918
1367 170 15939
1316 -72 15910
1152 -49 15861
1268 37 16041
1418 76 15933
1278 168 15994
1199 278 16041
1297 383 16015
1456 377 16045
1521 391 16077
1616 358 16105
1789 357 16126
1988 309 16120
2031 290 16139
2028 253 16184
2051 166 16163
2073 101 16160
2022 67 16155
2000 39 16172
2006 13 16170
2002 13 16207
2011 28 16174
1972 74 16158
1979 85 16200
2000 112 16189
1967 157 16195
1941 200 16189
1928 263 16183
1961 317 16174
1992 373 16154
2015 402 16142
2087 435 16125
2173 440 16124
2214 440 16136
2264 451 16117
2307 447 16136
2302 405 16092
2248 371 16112
2187 323 16089
2014 315 16065
1689 289 16099
1581 273 16097
1760 230 15917
2076 154 15993
2426 127 15984
2529 152 15998
2354 229 15983
2095 260 16025
1659 268 16065
1138 347 16004
780 393 15925
422 417 15784
-238 441 15940
-461 510 16060
44 561 15691
765 480 15788
1481 520 15915
1932 608 15898
2127 708 15746
1985 725 15747
1726 692 15846
1703 592 15754
1737 426 15665
1664 312 15660
1580 254 15705
1594 247 15750
1610 250 15742
1553 256 15741
1463 276 15777
1367 275 15762
1307 299 15782
1225 318 15808
1139 393 15830
1114 424 15847
1083 448 15826
1078 502 15818
1106 523 15808
1155 527 15804
1238 465 15817
1270 403 15830
1341 313 15811
1384 234 15814
1436 439 15802
1540 489 15927
1530 342 15741
1494 279 15866
1527 202 15917
1603 99 15822
1683 41 15807
1591 9 15838
1442 24 15890
1339 41 15941
1204 46 15951
1106 34 15953
1014 73 16011
1009 70 16035
960 84 16045
960 147 16055
929 211 16093
963 245 16102
937 212 16091
916 236 16139
919 223 15808
944 191 16186
976 145 16233
985 43 16235
1058 0 16255
1125 -15 16282
1142 -53 16270
1108 -121 16318
1065 -140 16327
1009 -200 16351
975 -227 16343
927 -227 16360
892 -235 16375
881 -240 16370
852 -263 16377
865 -218 16399
903 -212 16405
977 -191 16361
954 -140 16402
1058 -132 16366
1134 -133 16345
1117 -115 16360
980 -82 16357
854 -47 16330
798 -52 16314
924 -69 16289
1175 -114 16286
1548 -196 16298
1944 -315 16308
2368 -372 16370
3150 -467 16429
3731 -599 16356
3374 -640 16604
2539 -532 16740
1756 -456 16463
827 -436 16269
549 -448 16073
723 -529 15913
794 -564 15933
881 -482 16080
1120 -335 16139
1295 -233 16126
1284 -150 16136
1261 -103 16167
1271 -126 16133
1318 -190 16101
1355 -234 16108
1392 -250 16074
1465 -278 16072
1556 -320 16049
1538 -356 16035
1481 -377 16017
1468 -415 16004
1503 -494 15996
1469 -530 16026
1485 -525 16042
1445 -446 16058
1446 -369 16053
1369 -279 16064
1309 -174 16075
1322 -286 16100
1197 -487 15973
1136 -337 16091
1317 -314 16119
1287 -288 16011
1131 -180 16077
1137 -132 16055
1259 -81 16013
1318 -91 16060
1409 -48 16079
1509 -35 16063
1623 -68 16071
1696 -76 16031
1752 -67 16086
1803 -115 16067
1828 -169 16037
1798 -186 16027
1802 -207 16029
1809 -265 15967
1785 -241 15976
1810 -254 16012
1831 -238 15967
1824 -204 15973
1809 -189 15964
1813 -158 15952
1760 -143 15975
1737 -101 15981
1718 -86 15950
1694 -38 15929
1736 -5 15902
1747 35 15904
1783 93 15917
1812 109 15918
1844 104 15938
1868 110 15927
1885 100 15923
1883 102 15921
1846 97 15952
1795 61 15907
1543 68 15941
1074 37 16001
940 19 15999
1146 -48 15762
1593 -144 15857
2068 -185 15898
2321 -165 15918
2356 -69 15921
2154 -24 15959
1694 3 16068
936 115 16068
278 178 16014
-440 191 15859
-857 165 15967
-518 190 15924
336 178 15902
1158 320 16082
1559 454 16022
1904 508 15815
1582 470 15981
1376 389 16011
1454 229 15899
1450 55 15904
1365 -10 15929
1346 -22 16002
1365 13 15989
1397 8 15971
1316 -11 15986
1200 -10 16015
1147 13 16041
1067 28 16035
973 100 16081
910 132 16081
901 186 16057
920 250 16052
946 281 16034
1005 254 16016
1063 216 16023
1167 165 16036
1264 96 15988
1291 3 15975
1298 73 15931
1353 309 16040
1427 165 15959
1357 122 15902
1386 80 16026
1477 -43 15981
1588 -76 15939
1584 -169 15925
1446 -176 15935
1327 -180 15975
1187 -225 15974
1075 -197 15957
955 -184 16011
861 -158 16020
824 -105 16030
781 -53 16070
792 -2 16037
765 47 16045
734 69 16074
756 77 16069
778 50 16075
795 72 16073
827 76 16126
853 35 16108
896 5 16132
943 -23 16179
1001 -74 16161
1047 -109 16171
1049 -185 16202
1071 -227 16196
1069 -264 16234
1033 -325 16235
960 -349 16237
888 -371 16268
867 -350 16280
857 -329 16285
849 -322 16311
843 -291 16293
896 -263 16367
1235 -245 16379
1769 -287 16384
1765 -249 16342
1198 -121 16627
663 46 16391
261 68 16294
-52 29 16339
58 -4 16288
548 -104 16260
1040 -188 16292
1716 -295 16464
2397 -329 16513
2979 -378 16530
3781 -475 16614
4128 -643 16513
3406 -689 16923
2376 -521 16923
1421 -500 16567
276 -431 16403
275 -471 16202
751 -583 16112
890 -586 16190
969 -431 16479
1323 -236 16527
1561 -114 16499
1454 -30 16582
1344 10 16562
1370 -29 16518
1458 -108 16510
1463 -137 16472
1495 -147 16491
1616 -197 16476
1680 -255 16444
1654 -268 16455
1632 -326 16441
1612 -415 16446
1609 -417 16462
1587 -437 16488
1566 -404 16472
1481 -343 16509
1434 -251 16479
1398 -145 16490
1376 -166 16514
1264 -425 16404
1108 -279 16438
1268 -222 16418
1282 -164 16477
1111 -34 16453
1088 107 16425
1232 122 16426
1304 194 16424
1540 186 16431
1684 160 16389
1779 148 16412
1852 133 16391
1902 104 16334
1900 28 16353
1869 -14 16305
1837 -70 16300
1831 -92 16268
1821 -101 16235
1825 -87 16212
1788 -90 16186
1750 -76 16191
1716 -17 16178
1710 21 16168
1710 77 16132
1674 117 16120
1642 155 16120
1622 220 16073
1660 286 16070
1723 306 16034
1779 350 16026
1844 378 16007
1917 420 15996
1988 445 15983
2011 419 15969
2006 390 15964
1987 347 15941
1859 331 15946
1387 291 16039
1137 304 16075
1355 257 15772
1749 150 15855
2270 100 15868
2528 118 15872
2575 223 15884
2553 276 15854
2172 269 16015
1658 328 16031
900 411 16000
453 476 15933
35 458 15814
-552 459 16113
-301 539 15998
380 539 15758
1298 500 15890
1761 618 15955
2134 763 15926
2172 846 15719
1852 827 15869
1641 775 15954
1726 637 15773
1784 454 15748
1696 383 15781
1676 347 15832
1711 378 15837
1737 387 15835
1671 391 15820
1593 372 15871
1513 352 15884
1431 421 15866
1385 493 15904
1333 522 15875
1290 582 15889
1289 627 15864
1319 624 15837
1362 632 15838
1430 630 15822
1516 593 15809
1600 527 15778
1634 423 15773
1685 407 15734
1761 659 15764
1813 606 15753
1770 545 15618
1756 487 15799
1827 387 15710
1936 339 15652
1977 242 15636
1876 192 15622
1745 151 15654
1642 194 15675
1528 190 15647
1389 181 15672
1283 246 15696
1211 291 15704
1200 344 15710
1174 391 15700
1154 435 15716
1193 457 15699
1223 488 15685
1268 525 15706
1268 520 15706
1270 503 15728
1314 456 15724
1331 415 15723
1381 398 15754
1421 328 15720
1441 277 15744
1483 232 15765
1493 176 15753
1457 137 15792
1398 78 15794
1312 58 15810
1262 59 15835
1200 66 15618
1147 71 15845
1115 85 15866
1114 116 15839
1211 153 15919
1348 171 15892
1901 151 15845
1533 247 16019
1022 389 15986
687 426 15831
406 383 15852
487 331 15814
969 264 15798
1444 182 15792
1991 87 15886
2525 44 15933
3043 -4 15961
3870 -106 16032
4381 -288 15895
3687 -339 16279
2664 -156 16404
1842 -137 16011
619 -92 15906
434 -93 15726
923 -217 15595
1141 -261 15642
1222 -134 15944
1507 52 16021
1805 155 16008
1777 235 16076
1642 290 16060
1597 249 16022
1660 175 15997
1678 125 16006
1726 127 16013
1844 73 15998
1902 35 15993
1912 -11 16021
1872 -81 15985
1857 -135 15991
1885 -184 16032
1834 -223 16021
1781 -224 16075
1737 -165 16089
1676 -89 16108
1610 7 16112
1557 52 16126
1479 -191 16091
1309 -140 16054
1425 -59 16216
1522 -19 16083
1379 84 16151
1300 172 16169
1404 249 16162
1532 276 16160
1621 296 16206
1727 272 16149
1844 262 16194
1990 239 16160
2035 168 16146
2011 143 16150
2026 77 16148
2034 20 16122
1987 -29 16097
1915 -37 16100
1910 -65 16087
1889 -95 16073
1867 -71 16072
1849 -47 16104
1852 -29 16068
1796 -11 16080
1728 50 16074
1745 83 16057
1705 122 16069
1703 157 16029
1694 225 16055
1758 260 16045
1811 287 15991
1852 317 16018
1949 322 15988
1984 334 16004
2008 295 16012
2000 256 15990
1943 277 16016
1841 227 16000
1498 154 16028
1258 143 16130
1474 96 15883
1778 13 15941
2111 -28 15942
2333 -7 15969
2343 74 15985
2150 114 16013
1730 101 16153
1215 133 16120
715 202 16118
470 240 16025
212 245 15994
-457 255 16280
-400 353 16281
231 335 15964
927 270 16032
1470 351 16116
1832 467 16064
1892 547 15950
1567 549 16080
1379 501 16184
1509 389 16011
1578 199 15985
1484 117 15987
1399 88 16059
1424 80 16092
1466 89 16012
1386 85 16132
1313 97 16155
1246 110 16137
1181 136 16164
1090 202 16180
1033 261 16218
1033 278 16178
1062 300 16165
1089 304 16170
1132 294 16151
1191 273 16129
1237 222 16120
1261 110 16128
1314 53 16086
1399 288 16130
1484 299 16182
1481 200 15999
1462 148 16139
1471 68 16141
1539 -11 16095
1561 -114 16064
1457 -184 16074
1313 -189 16098
1245 -155 16097
1185 -169 16094
1019 -163 16069
911 -90 16142
857 -60 16113
804 -4 16112
794 82 16140
799 130 16132
847 132 16104
860 141 16107
897 151 16143
926 162 16142
930 129 16126
954 93 16130
974 69 16153
1001 15 16161
1066 -12 16150
1076 -87 16167
1086 -139 16181
1077 -194 16185
1053 -213 16188
1013 -255 16183
938 -293 16165
875 -283 16196
814 -260 16214
804 -253 16196
763 -248 16182
759 -212 16208
817 -179 16218
927 -123 16177
920 -89 16245
1018 -44 16206
906 -46 16218
800 16 16227
690 21 16170
722 4 16174
893 -18 16141
1162 -54 16158
1461 -61 16141
1697 -139 16186
1942 -194 16189
2235 -237 16200
3165 -370 16285
3877 -553 16075
3239 -565 16550
2308 -354 16615
1507 -307 16267
410 -287 16210
85 -285 15981
428 -393 15843
646 -449 15889
746 -351 16136
1072 -175 16221
1319 -53 16183
1294 13 16270
1221 87 16234
1168 38 16213
1198 -26 16154
1185 -78 16122
1197 -74 16159
1344 -120 16126
1385 -172 16134
1383 -187 16161
1362 -224 16109
1358 -232 16139
1409 -300 16141
1325 -325 16155
1310 -318 16184
1243 -292 16156
1192 -219 16184
1147 -102 16181
1123 -9 16167
1079 -214 16185
919 -279 16063
948 -152 16254
1087 -118 16154
1011 -53 16164
925 66 16223
993 156 16186
1129 189 16175
1225 195 16190
1318 172 16188
1441 167 16185
1594 134 16175
1644 91 16143
1634 82 16182
1660 15 16099
1691 -52 16134
1646 -83 16154
1641 -105 16063
1599 -112 16039
1601 -132 16035
1583 -98 16040
1554 -71 16037
1585 -27 16017
1563 4 16054
1549 48 16040
1561 86 16008
1574 145 15980
1581 188 15963
1624 219 15963
1672 252 15953
1761 273 15944
1819 310 15958
1898 300 15941
1931 295 15950
1927 266 15931
1894 256 15904
1816 251 15947
1672 178 15894
1316 135 16026
1404 116 15937
1608 71 15800
1901 22 15903
2141 20 15885
2196 65 15945
2041 133 15902
1681 139 16037
1240 142 16063
869 201 16049
631 252 15959
448 278 15922
-111 278 16145
-332 340 16254
214 393 15937
823 341 15922
1424 394 16060
1815 507 16006
1978 591 15850
1776 632 15937
1571 592 16086
1668 494 15975
1770 317 15885
1665 218 15904
1595 189 15972
1615 187 15965
1691 178 15956
1631 176 15968
1536 179 16012
1450 167 16050
1417 202 16040
1342 233 16057
1269 301 16037
1266 340 16073
1244 360 16063
1293 420 16066
1344 435 16055
1390 444 16035
1476 415 16024
1528 363 16007
1598 257 15999
1671 160 15954
1732 313 15937
1843 434 16043
1874 298 15858
1814 209 15932
1803 111 15990
1858 50 15906
1954 20 15853
1897 -41 15849
1793 -40 15878
1686 -28 15911
1563 -28 15904
1435 18 15908
1358 78 15959
1293 93 15957
1294 123 15953
1302 168 15966
1321 184 15975
1352 217 15930
1371 260 15961
1375 272 15969
1392 260 15942
1388 236 16006
1405 169 15997
1434 166 16009
1476 134 16029
1521 89 15991
1534 48 16025
1549 0 16049
1542 -31 16066
1500 -82 16084
1420 -110 16069
1378 -111 16111
1343 -130 16117
1307 -138 16116
1261 -90 16145
1242 -62 16150
1241 -37 16122
1266 -64 16160
1312 6 16142
1373 10 16213
1542 35 16125
1684 35 16196
1667 70 16159
1460 125 16226
1222 175 16180
1144 175 16160
1253 131 16168
1563 95 16151
1946 13 15930
2330 -84 16215
2653 -109 16296
3291 -293 16157
4215 -385 16304
4007 -292 16663
2290 -187 16375
1254 -182 16267
569 -179 16094
685 -218 15889
1028 -334 15864
1161 -285 16041
1435 -123 16191
1728 1 16221
1809 107 16238
1730 166 16267
1637 178 16198
1629 132 16179
1643 62 16136
1658 57 16154
1731 35 16143
1823 5 16126
1835 -65 16128
1820 -80 16075
1827 -94 16107
1823 -163 16096
1754 -197 16128
1705 -218 16153
1717 -153 16118
1662 -94 16128
1580 -13 16171
1565 105 16152
1531 48 16188
1447 -190 16081
1335 -39 16165
1449 -9 16222
1450 23 16133
1305 117 16223
1261 165 16200
1391 235 16183
1471 199 16154
1510 243 16145
1616 289 16184
1794 284 16181
1879 252 16148
1881 216 16201
1918 196 16094
1957 160 16151
1964 117 16118
1916 69 16088
1881 64 16069
1928 57 16081
1925 52 16057
1924 41 16043
1916 53 16033
1916 76 16014
1897 97 16012
1876 125 16017
1858 156 16003
1823 215 15980
1852 273 15989
1864 295 15976
1899 335 15976
1949 357 15973
1980 365 15962
2037 373 15967
2052 388 15938
2064 396 15957
2073 377 15947
2045 374 15945
1982 327 15955
1837 299 15909
1466 264 16038
1417 251 15995
1633 200 15782
1902 135 15851
2217 116 15842
2380 130 15890
2314 215 15819
2011 229 15924
1553 265 16015
971 373 16022
577 416 15973
29 384 15922
-332 370 16224
236 415 15981
1033 359 15857
1520 443 15859
1747 610 16041
2044 715 15847
1905 721 15812
1613 650 15948
1557 568 15908
1704 412 15812
1688 301 15805
1589 282 15847
1565 291 15880
1606 271 15878
1577 264 15858
1476 255 15881
1381 242 15911
1352 255 15925
1259 285 15950
1216 366 15947
1165 381 15948
1149 413 15942
1182 484 15931
1236 487 15906
1268 444 15901
1318 398 15886
1413 376 15880
1469 302 15877
1507 206 15791
1509 230 15876
1541 511 15828
1614 333 15718
1560 296 15891
1545 204 15841
1684 149 15781
1733 48 15789
1618 54 15805
1527 33 15825
1425 -19 15794
1262 16 15820
1132 23 15856
999 16 15866
958 42 15874
894 112 15889
901 151 15898
906 205 15867
891 221 15942
896 230 15941
909 234 15933
889 241 15941
896 232 15989
933 207 15955
979 197 15981
1016 128 15985
1046 94 16013
1073 36 16027
1118 -3 16007
1109 -46 16050
1079 -114 16059
1056 -165 16062
1020 -162 16081
977 -186 16091
930 -202 16103
885 -193 16124
834 -182 16137
869 -209 16160
956 -183 16111
1102 -152 16200
1636 -143 16197
1883 -164 16136
1476 -47 16321
832 130 16327
424 185 16168
96 138 16164
11 73 16136
311 22 16115
836 -79 16106
1470 -199 16212
2201 -258 16298
2888 -272 16291
3695 -363 16321
3984 -518 16264
3212 -541 16576
2124 -383 16680
1322 -398 16282
132 -389 16137
-51 -394 16004
532 -504 15887
801 -540 16000
930 -407 16244
1228 -193 16312
1478 -89 16342
1435 -32 16360
1258 18 16316
1206 -18 16298
1272 -80 16228
1275 -144 16236
1313 -115 16247
1424 -132 16233
1504 -214 16222
1478 -227 16212
1432 -273 16209
1418 -372 16212
1409 -390 16214
1367 -387 16243
1352 -384 16250
1264 -352 16229
1202 -255 16267
1158 -154 16245
1161 -128 16254
1043 -391 16217
873 -290 16196
986 -222 16332
1043 -179 16209
896 -72 16273
842 -18 16261
953 73 16251
1092 77 16239
1166 134 16247
1291 150 16264
1434 120 16259
1565 85 16241
1620 56 16229
1634 40 16208
1651 -38 16200
1631 -64 16157
1605 -121 16152
1572 -177 16115
1538 -170 16108
1540 -176 16109
1526 -150 16095
1497 -143 16112
1499 -131 16085
1453 -91 16085
1435 -33 16100
1404 4 16084
1377 58 16060
1387 116 16058
1409 196 16063
1489 228 16245
1553 274 16058
1610 289 16015
1687 309 16004
1759 299 15999
1771 291 16026
1754 230 15992
1612 206 15998
1178 154 16087
963 140 16162
1207 89 15862
1522 -1 15932
1951 -35 15923
2196 -10 15949
2288 87 15959
2189 121 15920
1745 93 16127
1233 142 16112
572 244 16120
207 301 16058
-89 273 15983
-675 258 16312
-415 371 16225
211 372 15933
1009 321 16021
1435 449 16055
1824 551 16040
1865 641 15857
1506 608 16009
1290 557 16104
1444 419 15956
1520 238 15902
1460 179 15906
1409 167 15993
1460 172 15995
1509 158 15957
1428 155 15983
1326 161 16030
1286 172 16038
1225 174 16052
1130 224 16061
1104 278 16075
1100 343 16083
1148 392 16055
1167 360 16035
1161 374 16023
1214 366 16017
1303 340 15980
1390 276 15972
1432 188 15946
1459 165 15923
1522 411 15962
1617 379 16000
1595 301 15840
1584 256 16001
1624 164 15957
1728 101 15891
1801 10 15895
1707 -31 15891
1609 -77 15890
1514 -66 15864
1386 -60 15904
1259 -82 15886
1149 -11 15938
1107 9 15938
1061 69 15899
1065 101 15950
1077 140 15921
1085 186 15942
1126 247 15969
1152 234 15953
1129 210 15933
1143 215 15968
1189 181 15962
1260 144 15949
1274 98 15968
1291 60 15974
1314 10 15978
1352 -29 15982
1364 -100 16004
1343 -141 16029
1319 -184 16051
1286 -212 16048
1242 -204 16047
1194 -194 16055
1140 -184 16047
1087 -175 16089
1099 -143 16068
1131 -123 16083
1198 -68 16098
1379 -67 16116
1648 -61 16099
1663 -33 16084
1355 37 16169
1020 141 16126
821 122 16083
782 98 16110
1032 58 16056
1494 -19 16051
1970 -112 16065
2383 -191 16122
2940 -188 16179
3816 -299 16179
4165 -422 16072
3368 -405 16504
2429 -246 16486
1687 -276 16181
650 -277 16044
449 -312 15923
875 -396 15827
1106 -423 15890
1241 -296 16126
1514 -121 16051
1769 -2 16225
1735 64 16179
1612 93 16151
1560 52 16133
1599 11 16109
1649 12 16113
1766 -17 16094
1838 -82 16063
1816 -94 16055
1794 -172 16059
1770 -231 16065
1778 -248 16083
1740 -296 16089
1680 -271 16116
1637 -236 16118
1579 -151 16127
1514 -50 16142
1499 34 16136
1428 -192 16137
1247 -197 16051
1302 -57 16226
1433 -28 16096
1310 30 16159
1229 123 16166
1318 192 16164
1466 241 16150
1572 282 16166
1634 272 16153
1789 268 16156
1917 245 16157
1984 173 16136
1950 149 16143
1966 107 16114
1984 51 16089
1925 -2 16068
1875 -8 16061
1849 -60 16040
1817 -57 16057
1803 -48 16059
1796 -9 16038
1774 42 16061
1742 51 16007
1693 110 16035
1690 149 16035
1697 208 16032
1682 233 16032
1685 301 16020
1760 346 16010
1818 370 15976
1890 402 15992
1943 407 15966
2012 422 15980
2059 403 15978
2067 369 15967
2020 353 15962
1944 286 15961
1632 260 15992
1319 228 16114
1475 196 15874
1682 120 15862
2037 84 15887
2285 94 15906
2365 154 15924
2214 205 15881
1799 198 16091
1313 224 16080
821 284 16039
505 345 15986
321 346 15925
-247 322 16191
-401 422 16280
242 455 15909
838 402 15924
1416 468 16055
1799 587 15964
1944 649 15853
1654 667 15924
1401 624 16091
1533 530 15964
1604 337 15879
1532 235 15908
1446 205 15955
1475 194 15974
1535 186 15932
1446 166 15976
1335 181 16017
1279 200 16020
1212 215 16054
1126 268 16072
1057 307 16098
1038 360 16101
1068 380 16070
1098 401 16039
1104 426 16076
1176 418 16058
1255 374 16020
1302 298 16025
1312 213 16007
1361 143 15981
1413 339 15998
1517 431 16114
1518 296 15909
1465 239 15998
1479 169 16057
1569 87 15965
1640 -25 15959
1560 -134 15949
1447 -117 16003
1368 -130 15968
1244 -84 15972
1085 -108 15970
912 -46 15908
890 -39 16005
843 35 16053
881 155 16040
868 204 16027
908 216 16060
950 245 16069
986 219 16050
1002 216 16069
1001 166 16107
1023 135 16109
1089 72 16096
1116 -9 16114
1142 -39 16138
1171 -82 16134
1146 -142 16137
1097 -167 16164
1019 -215 16189
969 -257 16150
889 -242 16198
841 -212 16206
794 -204 16198
783 -228 16199
788 -162 16223
841 -131 16251
987 -131 16238
1346 -118 16257
1642 -124 16175
1395 -57 16278
915 94 16333
585 142 16157
320 124 16176
245 70 16164
583 47 16127
1067 -36 16090
1536 -106 16183
2070 -176 16274
2541 -210 16201
2992 -271 16276
3829 -385 16268
3897 -545 16214
2938 -500 16686
1987 -347 16494
966 -366 16180
49 -319 16095
158 -357 15923
681 -465 15835
775 -442 16009
980 -274 16232
1388 -121 16223
1538 -28 16270
1448 59 16283
1324 88 16251
1339 36 16206
1363 -31 16151
1354 -50 16159
1466 -79 16148
1604 -120 16115
1649 -160 16139
1615 -216 16104
1582 -227 16111
1610 -302 16125
1600 -338 16101
1537 -340 16133
1535 -330 16154
1485 -268 16143
1398 -171 16178
1344 -50 16186
1312 -201 16197
1113 -354 16082
1071 -179 16250
1222 -154 16165
1161 -84 16173
1039 78 16236
1102 173 16218
1275 210 16224
1355 196 16217
1416 208 16235
1576 231 16240
1723 176 16232
1770 108 16206
1741 125 16230
1818 59 16157
1827 19 16142
1789 -48 16150
1741 -66 16128
1758 -65 16135
1748 -110 16125
1717 -94 16108
1709 -61 16114
1721 -55 16109
1710 -24 16101
1648 34 16133
1647 74 16130
1655 126 16100
1638 178 16081
1663 240 16088
1706 258 16034
1760 306 16037
1842 368 16027
1934 379 16019
1999 373 16024
2018 357 15991
2037 341 16010
2011 319 16000
1930 279 15988
1562 251 16050
1177 217 16182
1384 177 15948
1602 96 15890
1990 45 15927
2263 51 15901
2392 116 16230
2432 190 16002
2104 167 16125
1647 224 16062
1076 319 16041
555 355 15944
179 326 16022
-462 345 16217
-281 474 16256
445 471 15801
1204 413 15998
1685 537 15980
2130 641 15864
2073 714 15835
1723 693 15915
1492 632 16064
1646 482 15856
1686 300 15796
1570 198 15820
1540 180 15894
1602 172 15958
1639 195 15905
1517 201 15925
1382 211 15931
1306 215 15968
1246 239 15965
1189 292 15939
1133 354 15994
1139 390 15983
1171 431 15970
1201 450 15945
1248 491 15916
1310 478 15890
1400 413 15886
1451 324 15888
1530 222 15842
1608 320 15840
1700 505 15914
1784 361 15801
1734 271 15830
1748 162 15892
1781 68 15816
1834 15 15798
1797 -45 15757
1661 -40 15821
1530 -47 15824
1431 7 15835
1335 -14 15831
1213 50 15848
1147 67 15899
1111 118 15862
1098 174 15908
1110 202 15900
1100 262 15923
1111 273 15929
1118 292 15928
1148 274 15930
1163 247 15932
1178 210 15954
1217 200 15970
1268 175 15995
1290 119 16000
1306 69 16028
1325 8 16034
1320 -58 16033
1286 -86 16074
1214 -128 16087
1152 -172 16077
1068 -169 16098
1021 -150 16102
988 -153 16131
962 -168 16124
969 -114 16129
1006 -64 16149
1119 -64 16144
1465 -49 16181
1904 -81 16148
1747 -18 16164
1200 119 16359
765 233 16132
465 217 16120
339 162 16101
536 123 16073
1032 53 16045
1489 -11 16086
2069 -90 16196
2607 -130 16184
3039 -184 16196
3754 -262 16242
4123 -442 16156
3446 -472 16495
2332 -342 16555
1467 -297 16236
365 -283 16098
167 -302 15950
703 -385 15790
922 -417 15897
1098 -282 16165
1441 -91 16209
1701 29 16224
1680 111 16236
1511 155 16223
1474 121 16202
1527 53 16163
1553 2 16121
1589 -16 16144
1725 -33 16097
1802 -86 16133
1802 -127 16094
1747 -140 16072
1762 -218 16085
1745 -280 16094
1694 -318 16101
1643 -274 16149
1619 -199 16161
1560 13 16171
1466 29 16180
1478 -235 16091
1239 -114 16145
1358 -61 16224
1394 -28 16094
1245 80 16206
1233 144 16198
1347 216 16202
1431 194 16161
1492 215 16171
1585 250 16185
1753 244 16189
1826 220 16160
1843 187 16202
1891 157 16156
1933 108 16147
1945 41 16118
1882 -1 16093
1884 16 16107
1893 1 16072
1892 17 16062
1867 41 16082
1892 59 16087
1941 52 16061
1884 83 16071
1884 119 16059
1890 148 16029
1862 185 16033
1835 228 16021
1851 276 15993
1891 309 16005
1931 323 15970
1992 338 15967
2001 376 16004
2067 399 15964
2085 388 15963
2084 363 15950
2073 336 15955
2000 341 15937
1764 324 15973
1180 267 16105
1216 258 16031
1483 183 15797
1909 91 15913
2236 88 15834
2428 139 15903
2565 228 15804
2321 215 15874
1813 232 16100
1137 341 16033
605 415 16025
150 415 15876
-326 334 16100
-283 389 16177
387 424 15890
1218 415 15892
1653 534 15957
2027 686 15990
2189 758 15749
1864 725 15845
1543 658 16013
1614 527 15884
1721 344 15815
1642 251 15832
1562 231 15883
1593 240 15908
1607 229 15885
1516 220 15919
1390 212 15933
1293 218 15960
1245 242 16006
1193 299 15950
1139 350 15986
1101 401 15959
1143 465 15976
1181 488 15946
1209 497 15938
1274 448 15893
1358 412 15884
1438 344 15894
1493 242 15849
1535 222 15815
1579 465 15902
1672 418 15896
1640 336 15737
1643 287 15907
1685 189 15865
1800 135 15810
1866 24 15803
1753 -6 15792
1660 -37 15819
1530 -60 15806
1406 -34 15825
1272 -27 15844
1130 -15 15881
1065 16 15883
1014 79 15903
1019 137 15908
1021 180 15917
1021 211 15945
1049 218 15958
1082 209 15935
1104 223 15926
1082 235 15966
1120 200 15943
1160 142 15972
1197 118 15996
1261 79 15976
1327 16 15893
1361 -39 16049
1361 -75 16052
1353 -199 16038
1323 -220 16064
1252 -219 16079
1128 -223 16080
1099 -220 16095
1068 -199 16101
1080 -196 16138
1172 -149 16096
1320 -117 16170
1819 -115 16130
1879 -123 16111
1444 7 16331
929 132 16245
631 153 16131
410 105 16144
468 54 16127
919 11 16117
1403 -71 16105
1936 -159 16202
2475 -210 16236
3013 -234 16217
3823 -344 16288
4213 -509 16141
3386 -519 16575
2329 -348 16613
1541 -348 16196
421 -326 16125
244 -352 15978
815 -459 15852
1094 -510 15961
1211 -372 16222
1523 -162 16267
1791 -50 16267
1755 26 16332
1601 72 16255
1527 26 16263
1609 -57 16206
1634 -97 16199
1650 -98 16216
1745 -109 16194
1838 -192 16192
1781 -191 16201
1742 -232 16195
1718 -322 16171
1690 -356 16207
1661 -350 16225
1628 -334 16252
1568 -281 16252
1489 -197 16279
1450 -95 16305
1443 -53 16289
1362 -311 16241
1157 -272 16207
1232 -168 16321
1330 -136 16182
1187 -67 16279
1100 -2 16279
1201 86 16293
1353 98 16241
1422 153 16257
1513 183 16303
1652 166 16283
1771 134 16281
1836 110 16248
1835 75 16224
1850 17 16217
1844 -19 16202
1813 -72 16201
1785 -120 16170
1739 -120 16165
1738 -142 16162
1697 -117 16149
1685 -130 16164
1638 -122 16143
1602 -76 16156
1555 -30 16147
1524 15 16118
1496 61 16092
1475 121 16111
1517 197 16125
1566 237 16113
1628 270 16074
1699 299 16059
1762 295 16041
1823 304 16034
1858 322 16040
1874 301 16051
1866 260 16033
1739 235 16040
1249 195 16117
924 169 16247
1241 123 15906
1550 -6 15948
2005 -44 15937
2263 -19 15917
2393 83 15926
2481 128 15884
2064 86 16046
1549 144 16155
768 237 16092
259 327 16101
32 316 15964
-449 227 16195
-703 323 16342
-23 394 15970
686 353 15930
1433 429 16081
1792 546 16028
2051 610 15922
1755 627 15896
1354 581 16009
1391 496 15898
1495 291 15923
1473 128 15957
1379 126 16026
1422 135 15968
1438 131 15990
1288 143 16005
1216 172 16029
1145 167 16067
1074 214 16036
1024 255 16072
995 326 16098
1035 395 16069
1071 398 16035
1058 427 15996
1116 423 16034
1178 374 16002
1255 308 15966
1300 216 15951
1336 152 15929
1392 373 15955
1506 430 16029
1513 306 15808
1460 256 15955
1466 171 15982
1546 104 15882
1597 16 15904
1515 -36 15883
1389 -67 15911
1287 -79 15896
1175 -60 15892
1071 -83 15892
929 0 15929
877 43 15951
828 79 15933
841 162 15964
874 209 15948
883 230 15960
911 253 15955
929 282 15952
969 288 15967
971 258 15947
1003 239 15990
1049 192 15972
1092 149 16001
1160 95 16006
1180 41 15987
1199 1 16048
1196 -68 16029
1159 -112 16049
1128 -155 16077
1077 -196 16065
1034 -205 16090
967 -168 16065
909 -142 16122
897 -131 16114
896 -105 16115
988 -106 16101
1110 -18 16089
1376 -33 16182
1507 -2 16063
1234 59 16212
883 156 16181
716 182 16099
557 134 16113
639 102 16116
1043 47 16075
1481 9 16072
1882 -72 16157
2263 -128 16161
2652 -145 16154
3438 -270 16255
4088 -432 16013
3391 -485 16453
2399 -271 16590
1653 -234 16218
518 -241 16124
175 -241 15956
636 -356 15834
957 -430 15863
1002 -307 16112
1293 -134 16248
1609 -20 16208
1612 49 16246
1477 115 16209
1394 98 16203
1465 33 16181
1458 -18 16137
1441 -20 16171
1537 -40 16163
1648 -116 16134
1645 -124 16135
1604 -157 16171
1606 -231 16137
1604 -254 16161
1616 -276 16172
1563 -262 16203
1525 -225 16222
1460 -159 16214
1422 -67 16250
1380 -6 16232
1343 -194 16237
1166 -274 16142
1155 -131 16321
1275 -93 16210
1167 -25 16240
1081 80 16261
1143 150 16253
1323 222 16241
1423 253 16257
1492 260 16254
1643 247 16247
1778 243 16212
1884 218 16193
1858 125 16182
1881 71 16170
1895 -5 16146
1842 -70 16115
1801 -73 16132
1791 -78 16124
1770 -69 16121
1743 -66 16125
1733 -24 16125
1733 33 16101
1682 79 16071
1661 123 16082
1641 179 16042
1643 244 16055
1670 286 16019
1710 306 16026
1749 327 16004
1818 386 15978
1909 419 15973
1948 394 15942
1959 391 15952
2006 396 15955
2030 352 15925
1906 311 15923
1689 251 15969
1566 224 15936
1683 184 15856
1892 149 15799
2039 140 15842
2137 163 15845
2052 201 15870
1747 214 15939
1389 226 15992
1090 236 15968
920 292 15881
803 327 15863
549 349 15922
-158 395 16198
-45 485 16136
446 455 15768
1004 393 15882
1444 509 15899
1797 594 15822
1792 671 15756
1525 704 15882
1479 641 15951
1638 529 15769
1647 391 15757
1527 312 15821
1505 284 15860
1557 260 15883
1573 255 15862
1477 261 15883
1377 257 15900
1342 275 15905
1263 291 15955
1199 340 15933
1176 360 15940
1179 402 15974
1209 426 15966
1209 457 15929
1232 506 15947
1272 485 15917
1327 444 15907
1387 400 15897
1435 320 15897
1490 241 15876
1535 388 15874
1644 536 15972
1670 385 15792
1617 347 15865
1617 280 15930
1669 198 15840
1753 125 15848
1685 35 15828
1558 39 15855
1472 -16 15877
1372 8 15848
1246 -3 15879
1100 50 15862
1012 87 15922
966 130 15902
949 194 15929
960 232 15918
959 284 15907
960 340 15950
1004 346 15948
1042 329 15921
1068 313 15936
1093 286 15925
1162 292 15959
1178 218 15987
1206 172 15990
1218 108 16008
1251 42 15985
1259 -9 16008
1236 -81 16005
1184 -120 16040
1116 -138 16025
1049 -154 16043
963 -169 16065
904 -172 16071
874 -131 16094
894 -111 16081
935 -72 16090
1043 -38 16157
1502 -15 16111
1718 -42 16053
1369 55 16197
810 202 16060
469 246 16083
230 196 16060
248 86 16023
639 9 16005
1134 -46 16096
2126 -104 16163
2545 -131 16104
3032 -208 16185
3869 -351 16144
3827 -504 16141
2806 -432 16609
1883 -265 16342
866 -264 16120
35 -248 16004
193 -294 15831
729 -427 15805
849 -390 15991
1056 -217 16199
1403 -64 16228
1554 22 16228
1439 73 16248
1333 101 16211
1331 49 16165
1354 -16 16163
1350 -49 16158
1387 -62 16197
1542 -105 16183
1601 -138 16168
1557 -203 16163
1533 -211 16147
1547 -274 16195
1549 -340 16179
1468 -337 16203
1429 -301 16270
1394 -256 16232
1338 -154 16284
1310 -45 16293
1318 -134 16281
1171 -341 16185
1091 -173 16315
1249 -134 16278
1221 -85 16253
1098 48 16336
1127 97 16321
1290 146 16325
1371 150 16333
1458 155 16335
1576 136 16325
1723 155 16355
1820 93 16313
1800 82 16318
1827 25 16313
1844 -41 16296
1833 -81 16269
1767 -120 16237
1758 -131 16252
1757 -137 16229
1743 -147 16216
1723 -112 16205
1714 -110 16226
1708 -85 16188
1667 -39 16185
1650 -17 16185
1647 49 16157
1651 94 16157
1654 135 16113
1683 199 16119
1741 201 16111
1819 229 16059
1885 270 16064
1938 302 16054
1984 278 16059
1996 246 16053
1988 232 16040
1940 193 16037
1845 167 16002
1475 142 16104
1210 120 16181
1436 83 15916
1641 7 15902
1978 -11 15911
2209 -11 15942
2268 55 15930
2029 102 15929
1585 107 16119
1105 161 16072
604 222 16110
368 251 15925
-81 218 16023
-583 260 16352
-8 353 16039
587 297 15888
1208 329 15973
1605 476 16031
1956 557 15885
1812 608 15783
1418 576 16020
1411 505 16001
1583 334 15846
1571 179 15830
1419 148 15906
1428 145 15959
1499 124 15934
1474 116 15931
1345 123 15943
1251 113 15953
1205 137 15990
1162 171 16012
1091 236 15982
1070 303 16030
1090 315 16004
1119 362 16024
1153 395 15973
1196 411 15966
1263 326 15971

