919 120 15921
918 126 15926
926 144 15937
914 145 15933
675 196 15853
-428 160 15959
-1098 267 16405
-1168 537 16862
-684 825 16387
1909 971 16606
3490 1305 15708
3539 964 15120
2974 906 15761
2185 872 16402
1933 1015 16725
2212 987 16362
2214 386 15797
2038 -215 15575
1957 -614 15563
1911 -550 15627
1808 -349 15877
1410 -262 16080
944 -289 16164
554 -421 15898
244 -523 16171
-152 -632 16348
-674 -287 16420
-936 -47 16448
-1028 217 16314
-905 217 16244
-312 327 15996
230 284 15949
803 361 15902
1290 458 15949
1552 538 16038
1593 556 16119
1568 412 16084
1566 245 16056
1535 4 15924
1545 -172 15806
1491 -326 15804
1361 -398 15887
1187 -411 15990
962 -409 16053
1040 -298 16147
2449 -101 16004
3140 -72 15276
945 -758 16991
-2343 -359 16934
-2627 496 15973
-1784 786 16634
-1424 434 16521
-1209 -92 15935
-281 -307 15920
265 -212 15752
20 97 16178
-251 346 16718
-207 445 16823
82 320 16682
59 -102 16299
211 -398 16008
630 -533 15939
955 -347 15979
929 -131 16153
784 -16 16290
823 80 16313
891 -18 16193
1002 -135 16019
1247 -169 15862
1504 -92 15867
1676 72 15974
1657 206 16097
1604 284 16162
1568 257 16130
1577 140 16009
1653 91 15942
1730 32 15897
1798 60 15923
1802 86 16009
1766 127 16073
1671 159 16139
1612 100 16131
1589 81 16074
1612 4 16105
1641 -172 16084
1538 -140 16121
1435 -62 16359
1388 49 16308
1135 18 16385
1067 22 16380
1076 15 16377
1164 74 16405
1183 158 16346
1158 244 16329
1164 293 16373
1182 353 16332
1160 366 16390
1140 297 16368
1082 293 16361
1057 250 16377
1011 217 16354
943 191 16362
845 124 16429
804 139 16451
717 62 16461
605 47 16471
537 9 16474
460 -6 16469
396 28 16489
369 72 16485
336 87 16489
308 131 16482
305 149 16463
349 189 16399
414 238 16386
528 269 16343
656 316 16307
803 363 16282
958 402 16281
1121 436 16233
1237 432 16192
1365 456 16181
1477 402 16100
1259 310 16168
769 107 16445
940 240 16207
1572 354 15716
2547 273 15904
3018 226 15717
2733 244 15449
2711 288 15652
2340 361 15910
1214 288 16241
337 376 16296
-10 378 16036
-200 108 16260
214 198 15631
1216 378 15396
2085 627 15660
2096 824 15770
1724 919 15889
1497 907 16137
1047 757 16043
1151 567 15851
1332 408 15711
1394 315 15634
1361 343 15741
1272 412 15861
1173 470 15921
1034 462 15969
850 364 15930
781 298 15833
726 274 15821
672 354 15830
623 417 15892
554 473 15916
431 518 15952
368 527 15942
389 487 15875
418 416 15847
447 391 15888
495 355 15951
541 327 15977
547 278 15992
514 439 16020
524 478 16133
539 302 16008
550 293 16042
596 237 16096
738 233 16114
882 257 16062
866 162 16075
805 81 16094
784 -9 16083
769 13 16052
677 -27 16112
578 -6 16118
542 13 16191
549 68 16210
528 89 16238
581 141 16220
612 166 16225
670 216 16234
704 182 16228
771 246 16229
786 238 16299
832 220 16274
887 200 16287
932 145 16278
977 135 16316
1020 113 16329
1034 62 16337
1039 27 16368
1015 -13 16410
989 -50 16396
948 -76 16431
875 -93 16459
805 -150 16427
753 -132 16433
726 -103 16419
727 -115 16411
787 -76 16361
863 15 16386
1175 76 16361
1565 168 16231
1284 108 16257
465 14 16499
-124 156 16437
-74 216 16553
424 308 16496
896 177 16311
1583 93 16079
2052 -81 16015
2407 18 16049
2615 108 16260
3306 262 16364
3924 230 16015
2622 -337 16415
1118 -419 16502
306 -220 16003
73 -84 16046
180 -113 16228
719 -162 15936
1076 -302 15764
1172 -310 15758
1170 -95 15874
1129 159 16094
997 316 16292
962 366 16294
970 243 16111
1039 62 15932
1159 -32 15832
1243 -43 15839
1274 24 15932
1188 65 16018
1104 100 16062
999 44 16080
984 -48 16028
1015 -119 15950
1045 -116 15940
1074 -73 15972
1039 7 15990
917 100 16075
851 169 16078
807 230 16037
813 4 15997
704 -147 15854
684 12 16062
828 112 16415
699 172 16153
581 240 16105
616 324 16083
790 319 16058
865 371 16011
1091 359 16015
1158 441 16020
1235 451 16079
1263 401 16037
1267 336 16027
1295 287 15993
1340 245 15945
1330 175 15956
1323 192 15978
1344 172 15995
1337 194 16008
1321 234 16001
1305 223 16019
1302 259 15976
1276 274 15947
1257 316 15936
1235 350 15900
1223 374 15902
1242 432 15897
1255 482 15902
1254 481 15877
1292 536 15890
1354 526 15861
1368 541 15886
1377 576 15914
1381 531 15926
1342 561 15936
1269 533 15979
1196 455 15927
882 362 16001
649 250 16165
956 391 15914
1340 405 15769
1671 390 15763
1622 322 15686
1244 246 15839
797 214 16075
373 323 16113
147 433 16197
177 464 15955
-11 291 15954
-674 10 16288
-508 177 16338
277 593 15718
1022 662 15848
1514 777 15867
1283 766 15599
1091 681 15796
983 749 15990
882 697 16053
1081 691 16043
1157 534 15874
1118 365 15785
1114 283 15812
1192 297 15811
1208 352 15904
1144 358 15985
1062 356 15994
1047 352 15952
987 335 15911
975 309 15901
992 337 15895
1026 390 15893
1008 395 15945
1002 439 15975
1028 438 15962
1043 431 15979
1084 406 15954
1144 353 15946
1210 289 15980
1233 197 15995
1273 320 16029
1289 523 16177
1271 342 16088
1265 337 16062
1245 232 16123
1287 180 16126
1362 217 16078
1316 88 16081
1166 6 16103
1064 -81 16109
989 -11 16139
869 -61 16146
697 -54 16153
581 -35 16233
523 -22 16214
463 13 16238
477 48 16235
448 78 16241
508 85 16248
504 139 16241
522 134 16242
520 151 16244
520 107 16273
586 116 16271
618 106 16274
683 41 16284
730 12 16265
760 -51 16299
774 -60 16296
764 -139 16287
758 -153 16270
696 -175 16307
660 -222 16300
631 -292 16227
597 -279 16214
563 -281 16193
587 -247 16156
624 -253 16112
702 -165 16144
871 -3 16032
1300 -8 15942
1411 -120 16100
136 -81 16189
-186 -6 16162
37 92 16271
408 49 16127
975 -23 15974
1665 -150 15755
2149 -226 15779
2586 -72 15851
3223 79 15952
3599 131 15828
2487 -286 16164
1044 -412 16298
311 -297 15952
30 -220 15770
47 -329 15918
511 -372 15730
903 -411 15568
1015 -396 15610
981 -207 15731
961 39 15947
859 151 16118
804 202 16078
786 81 15974
870 -23 15847
980 -109 15760
1043 -84 15777
1042 -26 15863
997 -18 15936
900 9 15983
809 -50 15996
822 -125 15971
838 -177 15928
848 -187 15921
879 -168 15966
832 -116 16008
740 -51 16079
678 12 16098
669 82 16054
650 -42 16068
599 -306 15957
533 -128 16111
636 -50 16158
621 40 16130
448 105 16226
502 56 16220
667 212 16227
804 206 16195
887 266 16171
997 246 16196
1096 332 16234
1194 358 16253
1200 288 16247
1199 245 16235
1242 153 16197
1268 123 16212
1259 77 16230
1240 66 16232
1257 27 16250
1263 57 16280
1259 81 16303
1261 72 16256
1210 58 16270
1208 124 16254
1238 168 16232
1216 192 16222
1201 226 16228
1228 262 16210
1279 349 16196
1324 362 16169
1359 384 16184
1457 434 16176
1548 434 16201
1585 434 16204
1548 431 16222
1577 421 16219
1530 404 16236
1426 334 16207
1095 196 16319
881 131 16467
1215 253 16187
1628 275 16031
2011 246 16003
1977 208 15878
1641 138 16026
1149 90 16281
631 160 16388
387 284 16445
371 293 16211
335 177 16149
-224 -68 16346
-517 -110 16671
368 408 16102
841 489 15998
1621 663 16091
1545 632 15812
1376 590 15891
1135 538 16094
970 562 16214
1142 572 16270
1224 469 16102
1206 283 16000
1106 129 15982
1183 130 15967
1234 165 16024
1179 201 16106
1067 231 16161
996 222 16074
948 228 16061
908 209 16016
891 264 16018
938 296 16071
914 330 16049
915 365 16088
920 358 16081
950 327 16070
999 273 16050
1080 207 16026
1119 133 16069
1186 186 16092
1187 463 16184
1195 298 16147
1204 290 16064
1180 192 16158
1216 123 16130
1306 162 16061
1300 18 16043
1138 -13 16082
1036 -114 16083
969 -50 16084
863 -87 16107
695 -114 16088
574 -43 16112
549 -55 16110
523 34 16142
540 48 16117
494 92 16141
556 148 16123
544 168 16118
559 186 16134
529 153 16174
554 144 16142
602 136 16161
630 103 16141
661 51 16187
675 21 16182
681 -39 16202
674 -76 16209
638 -98 16218
599 -120 16215
557 -151 16188
495 -186 16206
440 -202 16188
426 -179 16168
425 -210 16146
424 -159 16135
438 -126 16140
522 -119 16150
758 -5 16082
1243 40 16062
1615 141 15887
1061 -46 16088
146 -13 16234
-382 121 16136
-269 208 16329
8 222 16228
365 77 16091
1330 49 15851
1967 -57 15734
2263 -47 15983
2656 125 16003
3562 306 16074
3546 150 15931
2009 -352 16354
729 -338 16308
99 -162 15900
-174 -170 15954
6 -170 16053
681 -223 15821
975 -285 15713
1005 -270 15746
1048 -7 15926
1113 254 16152
1016 375 16284
922 383 16245
946 224 16101
1074 104 15948
1201 13 15869
1237 39 15915
1287 107 16002
1229 160 16098
1126 139 16145
1043 81 16138
1050 7 16167
1101 -59 16098
1078 -63 16112
1077 -39 16139
1029 44 16194
931 102 16248
831 194 16242
788 125 16232
734 -191 16154
635 -51 16184
684 6 16330
742 154 16261
558 236 16356
554 250 16413
704 381 16390
839 357 16336
899 414 16342
1011 388 16329
1150 441 16351
1206 510 16344
1224 451 16384
1210 360 16373
1213 278 16358
1239 257 16347
1254 179 16305
1210 181 16343
1238 147 15915
1253 208 16355
1268 211 16355
1257 223 16323
1207 218 16319
1214 282 16293
1184 314 16259
1163 358 16250
1189 400 16222
1212 429 16220
1254 476 16177
1277 488 16191
1355 507 16168
1413 546 16181
1470 542 16181
1494 540 16144
1456 565 16181
1449 502 16166
1366 497 16161
1043 366 16244
585 191 16490
808 297 16306
1327 362 15918
1814 367 15954
1937 299 15780
1819 352 15726
1629 279 15973
1002 260 16172
330 247 16353
89 382 16310
141 392 16069
-65 155 16141
-609 -57 16352
-361 118 16456
580 614 15751
1035 634 15972
1471 795 15876
1500 786 15657
1323 723 15837
1047 663 15955
942 643 16129
1170 647 16064
1229 503 15878
1098 316 15874
1087 244 15856
1132 222 15867
1180 291 15914
1043 277 15987
971 319 15989
935 299 15975
888 309 15950
879 303 15883
869 334 15894
879 366 15905
877 403 15888
919 501 15904
943 487 15888
979 500 15891
1041 470 15866
1117 410 15836
1197 336 15857
1222 286 15885
1267 590 15957
1314 500 15982
1342 392 15832
1314 269 15898
1300 190 15914
1360 228 15863
1357 127 15821
1198 82 15831
1076 49 15850
997 64 15865
917 51 15842
754 85 15869
653 76 15875
631 154 15853
588 185 15890
574 247 15888
582 292 15903
591 283 15925
606 318 15908
624 297 15895
633 297 15913
613 263 15910
637 283 15931
627 230 15936
636 168 15949
655 156 15976
672 92 15989
674 72 15995
633 15 15983
583 -6 15980
531 -49 15990
476 -52 16025
420 -102 16018
394 -118 15990
385 -72 15996
375 -107 15995
407 -44 15964
446 -52 16031
628 19 15973
1097 113 15944
1569 207 15801
1168 66 15908
255 36 16159
-364 166 16020
-321 249 16193
-112 252 16204
148 154 16047
1011 118 15889
1808 14 15686
2196 -12 15889
2453 91 15895
3189 289 15951
3774 294 16153
2720 -416 16461
1068 -231 16026
298 -96 15915
-177 -208 16146
353 -180 16001
900 -266 15830
1028 -312 15816
1045 -125 15926
1125 130 16174
1096 331 16372
1021 390 16391
978 262 16283
1075 139 16132
1241 14 16024
1341 -7 16022
1348 25 16105
1347 76 16230
1280 96 16299
1152 69 16335
1127 -22 16331
1177 -118 16252
1177 -157 16265
1188 -146 16292
1169 -50 16337
1116 68 16393
1010 130 16427
951 176 16396
944 -73 16384
863 -164 16258
826 -61 16448
948 48 16376
855 100 16421
731 141 16466
792 182 16480
943 234 16444
1016 227 16398
1085 265 16407
1216 321 16431
1330 354 16403
1354 333 16443
1347 315 16420
1386 222 16379
1392 180 16361
1371 110 16326
1344 100 16326
1377 96 16333
1395 98 16281
1376 97 16299
1374 130 16309
1385 107 16313
1370 129 16257
1330 160 16255
1313 185 16206
1281 214 16190
1246 229 16160
1245 264 16127
1253 282 16108
1260 331 16111
1310 334 16118
1356 358 16074
1396 403 16071
1415 359 16037
1418 361 16064
1381 370 16079
1336 383 16092
1306 323 16038
1078 257 16068
773 128 16193
796 132 16208
1190 259 15895
1493 215 15841
1676 221 15739
1451 124 15758
1024 52 16005
509 112 16123
262 246 16197
183 316 16104
-113 108 16083
-735 -187 16438
-175 86 16232
503 377 15680
1078 477 15801
1316 572 15745
1209 651 15697
1026 601 15882
859 596 16007
786 510 16088
956 471 15957
1021 308 15836
943 179 15829
927 156 15849
961 168 15901
937 214 15965
835 196 16011
756 165 16011
768 169 15943
726 134 15943
695 171 15912
711 238 15925
730 267 15957
698 323 15975
722 351 15959
771 336 15948
807 264 15915
864 262 15926
960 223 15923
1020 181 15942
1033 119 15991
1029 262 15996
1040 417 16077
1116 272 15936
1150 270 16010
1121 174 15988
1188 159 15975
1259 33 15962
1188 -6 15972
979 -83 15974
936 -72 15938
784 -98 15993
662 -104 15951
589 -53 15965
569 -39 16026
544 0 15978
521 60 16005
508 58 16003
520 122 15998
556 107 16001
554 132 16011
572 144 16019
573 103 16019
602 129 16032
645 78 16075
674 36 16054
719 9 16064
715 -11 16078
735 -42 16057
729 -71 16102
720 -133 16095
659 -179 16112
629 -187 16106
600 -237 16077
556 -216 16090
549 -201 16074
534 -220 16084
588 -216 16027
637 -131 16051
775 -104 16068
1121 3 16001
1338 27 15955
984 -46 16046
314 -59 16226
-109 11 16180
41 101 16277
410 120 16219
933 58 16080
1588 -74 15901
2034 -173 15904
2465 -67 16014
3189 93 16140
3645 144 16004
2446 -275 16343
1039 -392 16551
271 -225 16134
10 -180 16028
51 -319 16208
608 -358 15984
1033 -438 15838
1097 -393 15863
1103 -179 16036
1145 93 16266
1087 227 16420
1064 248 16390
1060 105 16263
1156 -3 16127
1263 -90 16073
1324 -46 16100
1342 11 16197
1285 30 16266
1196 39 16303
1134 -46 16307
1119 -133 16273
1144 -201 16264
1173 -186 16251
1155 -121 16298
1102 -80 16346
1030 -2 16395
961 41 16394
953 112 16351
945 -79 16367
881 -267 16261
815 -100 16376
909 0 16391
864 71 16408
722 119 16455
733 66 16449
895 189 16417
1020 198 16353
1102 303 16339
1219 303 16359
1340 356 16342
1412 380 16367
1424 306 16332
1426 275 16310
1453 199 16283
1463 140 16265
1457 120 16238
1447 86 16251
1443 56 16244
1438 92 16258
1436 88 16235
1431 101 16209
1377 121 16203
1364 130 16166
1368 211 16135
1369 248 16100
1349 252 16075
1352 314 16062
1400 360 16045
1419 387 16019
1452 426 16016
1506 479 16013
1623 498 15996
1638 487 16391
1641 503 16014
1640 476 16009
1610 408 16038
1449 239 16175
1035 139 16403
1231 338 15957
1665 301 15831
2074 341 15773
2010 278 15586
1882 282 15736
1399 182 16003
691 210 16188
271 300 16341
255 396 16073
82 222 16068
-496 -63 16302
-457 -15 16496
529 517 15809
940 528 15835
1425 746 15919
1426 757 15720
1288 735 15851
953 630 16013
789 614 16145
1029 630 16108
1135 494 15936
1066 337 15899
973 236 15916
1044 266 15944
1069 301 15987
947 273 16056
832 288 16109
831 278 16054
793 267 16027
721 284 16031
710 277 16011
739 346 16013
719 386 16016
717 437 16022
731 415 16009
751 398 16020
812 385 16012
871 340 15996
920 300 16006
913 184 16027
943 278 16055
966 515 16159
998 361 16053
1029 341 15982
996 229 16092
1070 188 16060
1134 257 16044
1113 106 16019
992 59 16036
904 -37 16057
848 8 16024
726 -9 16006
600 -54 15992
502 11 16017
470 12 16039
473 105 16033
485 144 16029
451 155 16060
509 200 16040
527 208 16048
573 236 16058
555 215 16044
575 220 16063
610 186 16061
634 169 16078
685 149 16112
719 100 16095
736 72 16120
749 20 16124
756 -16 16131
738 -60 16142
682 -109 16134
638 -121 16141
585 -159 16141
542 -175 16118
525 -168 16096
521 -142 16107
594 -146 16081
715 -43 16051
950 19 16077
1453 134 15921
1315 85 15941
613 -23 16236
-40 112 16144
-188 164 16229
10 234 16296
271 163 16159
978 109 16021
1714 14 15806
2101 -49 15943
2352 56 16009
2946 206 16162
3741 311 15982
2952 -104 16124
1350 -367 16498
492 -254 16132
20 -74 15923
-49 -202 16182
370 -190 16096
935 -261 15839
1006 -321 15793
1004 -174 15889
1090 85 16121
1070 272 16334
1011 341 16364
982 267 16264
1054 155 16107
1141 42 16002
1271 21 16044
1289 82 16145
1286 134 16190
1213 103 16226
1123 8 16187
1097 -29 16170
1156 -97 16137
1155 -76 16152
1133 -32 16219
1085 33 16234
1002 120 16268
961 170 16243
937 105 16230
893 -197 16116
812 -17 16182
871 52 16266
902 160 16212
744 227 16276
745 158 16284
898 328 16278
1042 359 16249
1151 438 16217
1258 429 16207
1357 502 16238
1458 516 16253
1494 456 16248
1481 401 16230
1488 336 16203
1508 274 16180
1480 216 16151
1438 193 16181
1452 177 16178
1465 217 16178
1435 182 16190
1417 230 16153
1410 248 16153
1388 237 16129
1340 273 16100
1300 318 16095
1289 361 16052
1282 405 16025
1289 459 16031
1324 495 16023
1357 514 16006
1416 572 16004
1490 595 16004
1528 586 15999
1515 612 16008
1507 586 16021
1481 546 16021
1350 489 16018
1009 363 16112
701 239 16321
1022 351 16053
1422 405 15830
1735 385 15808
1767 353 15630
1606 339 15716
1187 237 15957
580 250 16130
221 340 16256
174 417 16067
67 317 15988
-458 46 16171
-765 -53 16517
215 479 15914
555 524 15778
1219 746 15901
1235 726 15679
1158 762 15753
837 640 15936
683 666 16058
858 666 16085
986 559 15927
969 376 15867
849 225 15852
922 238 15878
981 279 15909
892 263 15970
782 251 16053
753 257 16001
759 268 15976
690 232 15953
677 239 15962
710 312 15967
716 358 15985
737 367 15994
729 379 15995
752 372 15960
785 339 15959
857 303 15945
914 258 15968
952 173 16014
978 202 16025
1011 490 16099
1049 353 16095
1106 335 15961
1074 220 16093
1150 157 16072
1205 175 16021
1202 36 16007
1057 -13 16048
988 -96 16050
936 -55 16055
790 -97 16073
665 -111 16062
570 -70 16088
559 -40 16085
509 -11 16112
540 52 16088
502 89 16106
565 126 16001
594 170 16136
613 166 16135
615 158 16149
622 158 16159
664 104 16147
729 61 16208
759 41 16195
770 -9 16219
767 -57 16221
757 -86 16240
736 -108 16237
678 -160 16252
635 -203 16238
594 -246 16210
555 -213 16233
530 -271 16212
525 -246 16182
539 -210 16189
611 -183 16197
998 -68 16157
1723 26 16075
1783 51 15946
851 -164 16372
-145 13 16275
-398 161 16287
-331 174 16474
-290 112 16324
207 -55 16186
1279 -49 15943
2126 -124 15832
2407 -80 16132
2605 76 16170
3501 243 16269
3713 152 16022
2230 -401 16403
797 -470 16441
202 -254 15973
-244 -246 16034
-110 -266 16215
629 -259 15979
1013 -350 15842
975 -369 15831
986 -100 16005
1078 170 16258
1009 300 16398
928 320 16374
930 180 16236
1069 62 16058
1187 -39 15969
1238 -17 15986
1261 18 16055
1214 89 16167
1145 68 16215
1040 31 16204
1027 -39 16186
1083 -127 16115
1087 -135 16108
1086 -115 16132
1041 -34 16175
974 48 16218
880 130 16233
857 135 16200
804 -238 16124
707 -120 16102
741 -61 16223
820 107 16152
684 170 16221
620 203 16240
781 336 16243
961 312 16194
1019 394 16172
1134 357 16179
1276 441 16168
1350 473 16181
1359 402 16184
1334 388 16211
1376 275 16138
1383 245 16107
1387 175 16058
1356 132 16096
1365 141 16106
1387 124 16104
1389 168 16110
1359 167 16106
1347 206 16097
1345 238 16085
1324 259 16054
1293 302 16001
1270 349 15997
1294 388 15974
1320 431 15959
1345 464 15945
1379 489 15932
1466 541 15965
1523 544 15952
1543 550 15973
1568 553 15950
1562 525 15970
1525 506 15964
1446 425 15997
1399 407 15945
1189 328 16024
1091 284 16077
1286 335 15951
1562 374 15801
1621 307 15784
1303 168 15853
887 151 16080
697 243 16082
611 364 16046
502 368 16036
431 283 15984
-35 107 16561
-606 -50 16117
98 384 15864
607 710 15862
1318 672 15551
1333 640 15713
988 602 15939
962 673 16060
997 645 16153
1047 532 15986
1045 359 15909
990 207 15876
1032 203 15868
1028 207 15957
1002 231 16004
889 255 16079
848 236 16059
825 230 16006
759 199 16036
750 197 15979
805 296 15984
813 310 16015
789 354 16026
812 386 16051
853 381 16022
881 360 16012
948 303 15988
1007 275 15994
1049 170 16007
1080 159 16058
1122 432 16109
1179 405 16143
1220 299 15952
1189 149 16053
1174 85 16075
1201 73 16046
1217 59 16023
1078 -2 16065
973 -86 16088
894 -79 16071
846 -108 16035
708 -98 16048
611 -84 16063
569 -39 16058
517 9 16108
525 52 16077
482 85 16090
513 100 16113
523 120 16087
571 139 16104
563 135 16118
561 125 16103
593 123 16136
613 85 16124
640 41 16146
666 25 16165
671 -18 16211
673 -62 16192
644 -114 16203
608 -149 16225
565 -201 16173
525 -199 16201
449 -261 16205
418 -288 16162
381 -242 16187
364 -292 16191
402 -227 16129
442 -225 16178
735 -116 16119
1423 4 16057
1716 31 15856
956 -175 16228
-58 -73 16266
-451 104 16159
-456 142 16367
-503 68 16340
-146 -26 16142
779 -55 15968
1795 -102 15778
2212 -145 16004
2316 -41 16081
2831 110 16246
3712 221 16106
3000 -198 16068
1266 -608 16510
324 -463 16108
-122 -267 15910
-392 -379 16167
43 -311 16111
717 -392 15887
870 -449 15808
891 -318 15845
953 -54 16084
977 189 16316
914 280 16384
866 210 16321
916 72 16163
1049 -64 16019
1197 -104 15997
1218 -101 16035
1230 -18 16124
1181 16 16218
1089 27 16234
1033 -70 16235
1065 -174 16176
1089 -216 16145
1115 -219 16165
1105 -125 16204
1058 -39 16238
970 51 16294
923 117 16256
902 -67 16227
824 -241 16246
769 -103 16204
868 -16 16232
837 101 16276
721 117 16321
731 241 16309
982 233 16263
1042 274 16212
1165 332 16247
1302 351 16231
1350 343 16239
1340 336 16258
1393 299 16235
1426 240 16189
1436 196 16157
1436 134 16139
1431 110 16142
1462 149 16165
1468 120 16152
1448 149 16174
1437 158 16157
1447 162 16132
1431 185 16108
1383 226 16093
1368 278 16080
1388 291 16052
1363 356 16041
1397 379 16002
1423 446 16020
1472 453 16007
1518 494 15991
1566 526 16008
1613 515 15994
1606 529 16023
1586 488 16019
1517 471 16051
1447 381 16058
1233 332 16113
1071 226 16229
1363 341 15996
1666 359 15860
1776 303 15837
1576 210 15861
1128 131 16098
805 212 16182
738 334 16160
632 378 16152
570 315 16042
281 142 16099
-387 -77 16546
110 269 16307
660 523 15909
1305 681 16005
1481 714 15693
1366 704 15748
1185 614 15930
1127 701 16059
1155 669 16180
1228 606 16073
1229 442 16000
1140 272 15943
1168 261 15948
1184 224 15990
1140 275 16048
1050 259 16103
987 257 16122
972 255 16053
905 257 16060
885 264 16032
944 324 16016
972 343 16015
953 410 16036
970 462 16076
1020 457 16046
1050 423 16039
1099 380 16001
1167 321 16010
1242 265 15992
1261 191 16026
1253 325 16044
1270 529 16150
1323 350 16010
1355 338 15982
1303 245 16066
1384 185 16005
1452 257 15990
1389 133 15994
1227 115 16005
1124 20 16026
1083 0 15984
943 -9 16027
811 -36 16035
739 -2 16009
649 -12 16070
620 39 16020
583 89 16023
591 136 16054
583 175 16031
608 189 16047
618 223 16039
631 220 16047
658 240 16066
665 218 16040
717 216 16081
758 179 16108
781 140 16106
785 98 16128
787 32 16123
782 -3 16131
748 -25 16166
688 -84 16145
642 -140 16139
594 -151 16148
543 -177 16129
513 -194 16118
505 -187 16139
513 -107 16132
698 73 16071
1483 159 15804
1447 -85 16135
161 -54 16387
-477 176 16153
-436 321 16372
-678 175 16405
-634 75 16266
104 17 16012
1320 -24 15911
2225 -7 15945
2569 23 16116
2804 183 16179
3681 321 16196
3306 46 16105
1699 -374 16488
462 -397 16377
-17 -170 15939
-432 -294 16113
-105 -290 16153
729 -264 15904
1001 -367 15853
960 -258 15881
987 1 16070
1015 283 16335
946 397 16418
885 330 16379
946 209 16222
1066 36 16057
1192 -8 16013
1218 -12 16042
1180 66 16163
1145 122 16260
1069 96 16257
988 -3 16247
976 -123 16203
1030 -94 16179
1071 -106 16207
1062 -44 16202
980 17 16262
918 119 16310
868 190 16297
826 73 16269
753 -210 16125
662 -38 16216
758 27 16265
757 107 16250
614 209 16297
621 155 16310
791 337 16286
898 294 16246
990 427 16234
1116 425 16248
1252 462 16227
1311 507 16242
1351 430 16246
1346 419 16236
1342 312 16194
1356 239 16171
1350 193 16147
1333 141 16170
1328 164 16157
1325 163 16169
1302 180 16174
1307 210 16169
1270 208 16142
1248 236 16117
1235 266 16080
1200 300 16045
1148 313 16041
1135 366 16037
1162 438 16017
1198 464 15982
1220 502 16004
1318 531 15974
1401 562 15976
1443 571 15976
1479 604 15993
1480 584 15998
1437 524 15980
1299 490 16006
886 296 16169
582 186 16380
1080 393 15942
1450 342 15801
1847 393 15753
1809 333 15570
1777 368 15675
1363 263 15895
659 240 16141
149 319 16285
66 405 16099
-4 270 16007
-605 -40 16241
-670 -34 16468
381 506 15792
756 528 15735
1200 747 15886
1314 773 15664
1255 791 15775
880 643 15927
694 600 16071
926 624 16038
1060 507 15864
1033 353 15814
901 212 15849
985 230 15880
1048 285 15911
948 258 15993
837 250 15972
802 253 15945
803 250 15919
745 268 15918
747 304 15929
753 344 15964
793 422 15949
809 366 15934
832 366 15946
876 336 15920
957 317 15895
1012 280 15911
1027 173 15964
1054 231 15969
1083 495 16061
1146 353 15995
1183 333 15882
1141 217 16029
1221 155 16021
1283 189 15987
1273 73 15982
1126 18 15975
1022 -104 16003
968 -62 15988
835 -99 16026
698 -124 16017
589 -43 16032
569 -92 16051
552 40 16042
557 52 16054
550 92 16066
585 157 16070
608 142 16085
615 179 16099
607 163 16093
633 161 16128
661 130 16120
685 99 16140
731 78 16158
741 42 16136
768 0 16157
783 -47 16162
767 -104 16195
756 -136 16206
691 -196 16219
638 -235 16224
565 -263 16221
515 -270 16205
477 -268 16186
468 -258 16171
528 -266 16180
638 -158 16162
840 -89 16176
1339 20 16059
1241 -20 16021
582 -134 16292
-63 -23 16232
-230 50 16279
-40 109 16384
257 52 16230
935 19 16103
1607 -82 15879
1956 -170 16017
2196 -67 16093
2714 69 16285
3638 184 16120
3092 -166 16083
1451 -522 16568
519 -383 16219
42 -182 15932
-101 -297 16253
279 -283 16192
881 -371 15900
984 -446 15844
980 -327 15916
1082 -62 16130
1112 175 16364
1026 250 16413
994 194 16338
1082 68 16189
1183 -63 16049
1307 -107 16013
1335 -71 16096
1349 5 16179
1281 37 16256
1169 20 16274
1155 -67 16226
1167 -140 16222
1217 -192 16160
1211 -200 16180
1214 -115 16248
1150 -59 16261
1080 34 16282
1038 84 16276
1032 65 16227
1002 -252 16148
924 -150 16166
962 -52 16278
1040 61 16221
890 131 16286
839 87 16311
962 257 16290
1123 251 16256
1241 340 16227
1325 315 16220
1443 370 16234
1522 405 16254
1558 334 16224
1522 297 16237
1556 220 16152
1584 157 16156
1554 121 16049
1497 73 16156
1506 83 16156
1516 107 16137
1495 128 16148
1476 120 16121
1438 136 16097
1404 190 16081
1392 234 16043
1361 282 16040
1332 317 16029
1347 377 16028
1403 411 15991
1433 412 15996
1491 461 16001
1558 493 15989
1616 486 15992
1602 499 16013
1591 482 16025
1571 441 16027
1463 407 16032
1245 339 16099
872 194 16266
927 217 16241
1388 354 15869
1700 304 15868
1856 313 15711
1652 252 15736
1283 155 15999
700 157 16175
362 279 16297
281 357 16179
195 272 16045
-221 30 16198
-653 -135 16553
194 341 16123
566 479 15859
1196 663 15977
1292 694 15755
1296 734 15835
998 585 15962
866 623 16100
968 603 16157
1098 554 16031
1106 380 15940
979 230 15946
1044 240 15926
1079 227 15996
1021 235 16046
920 231 16121
893 230 16093
892 243 16040
802 212 16035
792 221 16019
813 289 16012
810 320 16005
830 360 16006
829 372 16017
856 368 16030
886 354 16020
954 316 16016
994 266 16003
1058 185 16059
1109 162 16065
1128 464 16123
1168 382 16131
1198 331 15989
1173 220 16119
1219 163 16111
1276 164 16071
1306 47 16039
1169 -22 16021
1067 -89 16062
969 -37 16065
841 -99 16083
699 -121 16064
586 -51 16077
566 -84 16090
552 28 16073
550 40 16082
523 89 16093
541 141 16095
564 156 16092
606 202 16114
592 169 16102
613 161 16106
637 137 16113
661 105 16110
666 80 16173
697 41 16170
707 -15 16167
700 -53 16178
664 -93 16179
641 -111 16194
592 -201 16195
561 -232 16170
474 -233 16212
429 -264 16189
414 -256 16166
403 -222 16136
419 -219 16121
503 -155 16079
597 -73 16117
881 -7 16067
1049 19 15997
679 -33 16121
115 -63 16249
-150 43 16181
5 88 16287
412 122 16181
889 69 16062
1392 -40 15908
1720 -113 16095
1944 -52 16194
2213 42 16096
3231 -4 15870
3298 -466 16381
1774 -401 16236
-5 -183 15888
-130 -189 16138
71 -206 16194
613 -302 15882
822 -422 15777
897 -365 15789
959 -95 15975
983 166 16252
889 265 16348
866 264 16281
906 117 16149
1006 6 15984
1133 -63 15937
1201 -36 16013
1228 26 16069
1165 93 16177
1065 64 16232
1014 4 16164
988 -75 16150
1042 -178 16099
1048 -184 16092
1048 -119 16164
1027 -48 16202
943 45 16236
855 103 16254
840 132 16190
843 -188 16150
755 -166 16094
753 -33 16269
857 96 16184
735 172 16245
662 192 16250
768 299 16272
973 310 16191
1048 338 16193
1148 341 16182
1293 387 16210
1379 425 16236
1381 382 16222
1369 320 16244
1407 267 16173
1418 202 16173
1396 159 16135
1391 121 16136
1379 97 16176
1397 142 16183
1413 159 16175
1389 133 16185
1351 154 16153
1324 171 16145
1343 234 16094
1308 275 16067
1270 319 16062
1289 369 16051
1324 412 16033
1371 452 16009
1399 470 16017
1485 522 16022
1566 554 16010
1605 569 16030
1633 552 16032
1606 548 16040
1576 526 16057
1477 469 16034
1129 353 16174
779 202 16383
1141 352 16105
1535 363 15887
1862 376 15848
1911 355 15697
1793 366 15783
1386 253 16011
744 241 16208
346 302 16316
247 403 16171
239 342 16070
66 170 16089
-434 -4 16303
-399 120 16526
463 650 15870
869 673 16057
1372 867 15826
1435 797 15676
1208 708 15841
995 681 15968
922 682 16167
1106 708 16112
1122 548 15967
1022 346 15941
993 270 15878
1040 256 15883
1065 308 15931
943 287 16016
885 333 16058
833 317 16008
755 321 15982
721 306 15940
723 332 15933
742 358 15943
752 379 15948
750 472 15967
772 475 15972
792 487 15965
854 444 15909
920 375 15913
998 298 15917
1050 231 15944
1086 463 16092
1136 519 15919
1173 402 15983
1153 211 16011
1143 167 15979
1203 154 15943
1133 46 15944
1001 6 15987
900 10 15987
853 5 15969
717 9 15981
610 20 15995
597 44 15995
571 103 16024
583 141 16002
525 176 16041
560 227 16059
574 247 16059
627 242 16048
615 232 16083
626 198 16071
665 177 16099
677 169 16110
723 116 16145
730 79 16152
719 46 16178
718 6 16193
706 -61 16173
688 -103 16213
638 -112 16204
598 -142 16195
577 -165 16177
522 -170 16201
510 -186 16205
513 -192 16176
535 -130 16162
541 -109 16172
617 -99 16156
872 -27 16133
1293 43 16093
1399 70 15981
810 -48 16217
113 -14 16256
-117 75 16259
102 154 16376
430 140 16239
1042 69 16097
1712 -44 15888
2024 -141 15982
2351 -61 16095
3001 156 16196
3636 174 16055
2743 -200 16188
1214 -463 16523
361 -293 16147
-47 -179 16004
-69 -296 16209
390 -246 16062
888 -361 15866
988 -381 15834
989 -232 15935
1038 36 16183
1025 216 16335
961 264 16362
966 188 16275
1052 59 16122
1156 -62 15985
1244 -71 16008
1280 -12 16084
1271 58 16152
1182 67 16231
1108 53 16215
1103 -46 16194
1149 -146 16140
1143 -176 16143
1152 -161 16180
1103 -62 16200
1047 24 16251
967 94 16266
939 149 16232
934 -18 16221
880 -232 16089
818 -33 16225
919 38 16234
884 119 16237
733 158 16291
723 121 16289
882 252 16265
978 224 16226
1043 316 16219
1172 336 16241
1290 395 16227
1343 385 16251
1360 377 16242
1407 311 16211
1412 261 16174
1426 245 16153
1449 181 16125
1453 200 16147
1455 173 16162
1455 190 16168
1463 212 16167
1444 214 16177
1426 217 16139
1408 212 16096
1371 237 16090
1340 266 16066
1323 293 16063
1305 339 16058
1325 384 16043
1345 427 16018
1369 461 16016
1420 475 16009
1479 487 16028
1486 523 16046
1522 519 16039
1532 489 16045
1465 480 16082
968 332 16184
481 129 16517
936 341 16113
1359 331 15898
1842 348 15881
1816 289 15663
1860 375 15709
1729 315 15841
1018 243 16113
261 255 16378
-7 378 16230
-30 342 16128
-543 4 16300
-825 -69 16541
288 428 15959
806 552 15692
1319 679 15920
1356 738 15816
1475 835 15830
1057 677 15987
731 621 16159
888 566 16142
1073 504 15981
1084 324 15888
922 192 15899
978 212 15938
1026 223 15962
918 268 16016
785 236 16066
750 238 15997
762 251 16000
722 192 15952
726 265 15952
733 271 15988
729 332 15977
766 413 15979
780 406 15949
822 376 15961
876 319 15934
949 293 15940
1034 239 15928
1050 168 15957
1045 245 15978
1060 480 16060
1122 332 15942
1165 304 15886
1126 187 16002
1223 142 15954
1288 179 15944
1263 61 15925
1097 44 15958
1021 -61 15964
949 -50 15953
793 -68 15978
651 -115 15987
597 -39 15954
540 -65 15996
516 6 15978
505 72 15983
491 72 16031
539 138 15992
540 145 16046
578 146 16022
558 141 16016
596 162 16074
602 137 16040
632 71 16053
646 62 16121
664 -8 16107
697 -13 16119
659 -71 16124
641 -116 16145
608 -146 16176
575 -174 16168
556 -201 16166
482 -238 16146
451 -226 16159
442 -245 16152
440 -222 16127
455 -179 16119
534 -172 16127
805 -61 16102
1341 20 16070
1470 28 15932
782 -132 16256
-14 -36 16245
-289 83 16216
-214 115 16398
-73 97 16256
419 6 16170
1333 -19 15925
1926 -150 15914
2180 -114 16105
2618 54 16138
3536 194 16175
3182 -29 16071
1563 -486 16528
550 -380 16337
10 -243 15971
-268 -321 16149
40 -321 16172
715 -368 15918
908 -447 15850
900 -357 15876
959 -100 16102
1008 149 16334
919 229 16146
902 178 16198
964 60 16069
1090 -77 16017
1229 -47 16074
1248 0 16162
1215 33 16232
1120 4 16257
1079 -88 16237
1077 -171 16221
1138 -166 16187
1163 -160 16206
1163 -106 16237
1098 -52 16289
1021 25 16306
978 83 16291
950 18 16282
896 -290 16203
806 -153 16244
854 -83 16315
871 36 16278
733 115 16365
705 39 16367
837 227 16347
980 219 16320
1073 346 16295
1186 319 16303
1335 388 16290
1420 416 16317
1462 359 16316
1457 328 16298
1467 285 16281
1504 225 16223
1501 127 16232
1469 138 16232
1511 94 16264
1521 156 16221
1482 130 16259
1460 93 16229
1424 128 16222
1419 153 16208
1422 219 16175
1381 216 16160
1329 253 16129
1353 312 16126
1361 359 16102
1379 395 16069
1384 436 16067
1472 496 16057
1563 510 16035
1598 508 16050
1618 535 16064
1621 514 16085
1618 489 16066
1476 453 16074
1103 287 16191
700 125 16490
1159 326 16093
1568 317 15881
1999 350 15845
1987 294 15643
2015 383 15730
1792 284 15874
1110 229 16135
436 267 16312
241 374 16185
223 332 16071
-273 11 16250
-628 -97 16546
376 411 16037
900 552 15714
1403 687 15917
1468 744 15751
1578 833 15787
1190 665 15936
886 630 16108
1037 623 16113
1228 549 15971
1240 391 15872
1080 234 15884
1144 234 15900
1205 269 15945
1124 299 15986
997 277 16054
964 292 16015
986 298 15983
917 270 15947
915 294 15953
941 315 15950
929 384 15966
957 438 15960
959 414 15955
992 407 15933
1038 376 15917
1149 354 15896
1212 324 15906
1216 238 15954
1217 253 15976
1254 532 16040
1320 428 16010
1362 393 15865
1320 282 16013
1404 213 15998
1481 228 15961
1494 123 15921
1347 87 15944
1230 -46 15963
1173 -9 15950
1045 -6 15989
898 -92 15943
794 18 15945
761 -40 15990
738 97 15945
745 104 16013
706 148 15994
734 200 16002
778 254 16014
806 234 15999
812 235 16042
845 215 16032
869 164 16067
897 151 16085
896 87 16091
923 70 16100
905 17 16124
880 -25 16131
849 -56 16140
787 -99 16148
746 -123 16111
686 -178 16100
645 -161 16106
564 -172 16117
582 -136 16089
583 -114 16095
681 -122 16076
1066 -13 16072
1854 116 15948
1867 73 15837
923 -89 16280
-77 70 16188
-267 258 16205
-345 239 16374
-460 147 16272
38 33 16072
1047 5 15881
2067 -6 15785
2437 -21 16018
2531 98 16082
3254 251 16219
3860 266 16008
2669 -232 16197
1013 -486 16492
262 -278 15989
-225 -201 15939
-295 -286 16199
377 -215 16017
952 -305 15831
989 -362 15813
1006 -157 15889
1057 145 16180
1006 357 16385
919 390 16405
900 267 16283
1015 135 16088
1177 9 15981
1276 -32 15965
1298 56 16045
1269 102 16174
1201 153 16230
1099 68 16221
1040 -28 16226
1111 -60 16164
1148 -118 16145
1122 -83 16149
1090 -25 16206
1045 83 16255
957 153 16284
887 163 16278
816 -169 16201
730 -113 16169
734 -26 16306
816 97 16216
680 191 16297
633 207 16308
741 327 16318
886 337 16287
966 443 16260
1075 396 16240
1208 433 16249
1286 493 16281
1355 428 16266
1319 424 16259
1327 307 16231
1318 244 16223
1339 194 16189
1315 138 16178
1321 138 16172
1313 135 16158
1300 180 16208
1319 178 16187
1292 212 16161
1278 216 16150
1251 250 16124
1230 302 16095
1182 328 16063
1168 343 16044
1179 432 16057
1245 449 16019
1267 476 16014
1307 524 16034
1398 524 16006
1466 538 16025
1483 519 16017
1470 507 16034
1408 502 16048
1338 446 16088
1257 383 16038
992 278 16133
961 245 16175
1259 339 15954
1489 348 15841
1529 311 15819
1209 159 15923
752 119 16144
539 238 16162
434 348 16122
359 348 16049
287 260 16212
-210 -86 16622
-740 449 16084
112 455 16006
1173 732 15906
1121 634 15671
1033 653 15800
836 628 15945
787 662 16108
901 663 16157
915 523 15992
916 373 15964
844 227 15900
910 216 15913
901 207 15970
822 222 16028
760 219 16108
709 231 16075
690 258 16012
634 196 16011
636 200 15962
682 256 15964
686 309 16017
689 346 16011
692 342 15989
727 328 15995
758 325 15975
830 301 15949
896 241 15937
946 170 15976
969 137 16012
985 398 16051
1057 392 16084
1111 312 15893
1077 206 16013
1096 141 16020
1168 119 15986
1198 64 15966
1041 -7 15983
924 -84 16003
845 -102 15991
736 -109 15966
579 -132 15985
484 -113 15993
462 -68 16001
409 -48 16015
428 15 15984
378 41 16022
420 104 16009
439 127 16017
464 130 16024
467 166 16033
475 118 16041
517 128 16070
547 93 16065
582 71 16112
619 34 16118
638 -3 16136
636 -59 16146
612 -113 16147
582 -125 16170
539 -203 16164
504 -231 16140
429 -272 16151
384 -242 16168
358 -273 16167
367 -283 16111
361 -240 16143
416 -190 16141
615 -148 16110
1214 -3 16069
1568 24 15886
968 -128 16148
-8 -70 16301
-452 66 16176
-391 152 16421
-312 107 16347
40 3 16175
1009 -33 15997
1845 -101 15806
2145 -123 16077
2337 3 16125
3186 209 16252
3621 165 16071
2383 -323 16320
947 -460 16467
302 -289 16054
-165 -252 16029
-143 -305 16247
495 -276 16051
957 -369 15883
949 -402 15881
958 -187 16029
1047 97 16264
996 252 16427
936 290 16436
932 169 16324
1078 39 16161
1188 -65 16048
1241 -50 16083
1279 22 16138
1263 70 16213
1171 69 16305
1106 5 16268
1103 -48 16260
1149 -130 16186
1174 -147 16169
1174 -129 16225
1148 -85 16264
1094 23 16300
1006 84 15806
975 140 16244
943 -143 16138
865 -69 16306
833 55 16219
955 126 16286
775 192 16287
853 275 16309
1061 320 16258
1147 333 16235
1239 352 16222
1380 344 16248
1456 421 16234
1478 407 16255
1484 353 16219
1488 281 16188
1526 192 16164
1534 140 16128
1492 65 16126
1467 84 16129
1495 107 16175
1483 88 16153
1440 126 16160
1448 147 16145
1441 167 16094
1384 218 16094
1361 247 16051
1365 314 16047
1378 361 16011
1394 406 16018
1458 447 16008
1490 472 15991
1563 523 16019
1628 529 16011
1660 527 16028
1675 535 16032
1679 501 16042
1637 472 16046
1513 441 16048
1251 354 16124
817 165 16393
1069 281 16227
1508 334 15916
1866 363 15906
1960 333 15728
1896 360 15769
1631 258 15952
1004 215 16174
435 210 16353
257 352 16269
257 327 16108
173 199 16103
-220 6 16239
-555 -44 16651
418 533 16049
766 599 16018
1389 840 16013
1519 761 15692
1449 732 15860
1139 605 15980
1028 653 16154
1194 672 16182
1241 560 16041
1178 368 15997
1084 207 15945
1167 198 15934
1201 199 15984
1081 218 16077
994 255 16130
948 241 16063
872 254 16060
797 222 16009
812 273 15969
815 286 15958
810 323 15952
840 429 16009
853 423 16000
895 446 15981
949 403 15970

